110000 0 0 0 北京市
110100 0 0 0 市辖区 110110|北京市燕山区
110101 0 0 0 东城区
110102 0 0 0 西城区
110103 0 0 0 崇文区
110104 0 0 0 宣武区
110105 0 0 0 朝阳区
110106 0 0 0 丰台区
110107 0 0 0 石景山区
110108 0 0 0 海淀区
110109 0 0 0 门头沟区
110111 110225 0 0 房山区
110112 110223 0 0 通州区
110113 110222 0 0 顺义区
110114 110221 0 0 昌平区
110115 110224 0 0 大兴区
110116 110227 0 0 怀柔区
110117 110226 0 0 平谷区
110200 0 0 0 县
110228 0 0 0 密云县
110229 0 0 0 延庆县
120000 0 0 0 天津市
120100 0 0 0 市辖区 120107|天津市塘沽区;120108|天津市汉沽区;120109|天津市大港区
120101 0 0 0 和平区
120102 0 0 0 河东区
120103 0 0 0 河西区
120104 0 0 0 南开区
120105 0 0 0 河北区
120106 0 0 0 红桥区
120110 0 0 0 东丽区
120111 0 0 0 西青区
120112 0 0 0 津南区
120113 0 0 0 北辰区
120114 120222 0 0 武清区
120115 120224 0 0 宝坻区
120116 0 0 0 滨海新区
120200 110200 0 0 县
120221 0 0 0 宁河县
120223 0 0 0 静海县
120225 0 0 0 蓟县
130000 0 0 0 河北省
130100 132300 0 0 石家庄市 130106|河北省石家庄市郊区;130122|河北省石家庄市获鹿县;132321|河北省石家庄市束鹿县;132334|河北省石家庄市获鹿县
130101 0 0 0 市辖区
130102 0 0 0 长安区
130103 0 0 0 桥东区
130104 0 0 0 桥西区
130105 130206 0 0 新华区
130107 0 0 0 井陉矿区
130108 0 0 0 裕华区
130121 132333 0 0 井陉县
130123 132328 0 0 正定县
130124 132327 0 0 栾城县
130125 132337 0 0 行唐县
130126 132336 0 0 灵寿县
130127 132330 0 0 高邑县
130128 132323 0 0 深泽县
130129 132332 0 0 赞皇县
130130 132324 0 0 无极县
130131 132335 0 0 平山县
130132 132331 0 0 元氏县
130133 132326 0 0 赵县
130181 132301 0 0 辛集市
130182 132302 132325 0 藁城市
130183 132322 0 0 晋州市
130184 132329 0 0 新乐市
130185 0 0 0 鹿泉市
130200 0 0 0 唐山市
130201 0 0 0 市辖区
130202 0 0 0 路南区
130203 0 0 0 路北区
130204 0 0 0 古冶区
130205 0 0 0 开平区
130207 130222 130282 0 丰南区
130208 130221 0 0 丰润区
130223 132723 0 0 滦县
130224 132724 0 0 滦南县
130225 132725 0 0 乐亭县
130227 132730 0 0 迁西县
130229 132732 0 0 玉田县
130230 0 0 0 唐海县
130281 130228 0 0 遵化市
130283 130226 0 0 迁安市
130300 132701 0 0 秦皇岛市
130301 0 0 0 市辖区
130302 0 0 0 海港区
130303 0 0 0 山海关区
130304 0 0 0 北戴河区
130321 132621 0 0 青龙满族自治县
130322 132726 0 0 昌黎县
130323 132727 0 0 抚宁县
130324 132728 0 0 卢龙县
130400 132101 132100 0 邯郸市 130405|河北省邯郸市郊区
130401 0 0 0 市辖区
130402 0 0 0 邯山区
130403 0 0 0 丛台区
130404 0 0 0 复兴区
130406 0 0 0 峰峰矿区
130421 132134 0 0 邯郸县
130423 132129 0 0 临漳县
130424 132128 0 0 成安县
130425 132121 0 0 大名县
130426 132132 0 0 涉县
130427 132130 0 0 磁县
130428 132126 0 0 肥乡县
130429 132133 0 0 永年县
130430 132124 0 0 邱县
130431 132125 0 0 鸡泽县
130432 132127 0 0 广平县
130433 132135 0 0 馆陶县
130434 132122 0 0 魏县
130435 132123 0 0 曲周县
130481 130422 132131 139001 武安市
130500 132201 132200 0 邢台市
130501 0 0 0 市辖区
130502 0 0 0 桥东区
130503 0 0 0 桥西区
130521 132221 0 0 邢台县
130522 132223 0 0 临城县
130523 132224 0 0 内丘县
130524 132225 0 0 柏乡县
130525 132226 0 0 隆尧县
130526 132227 0 0 任县
130527 132228 0 0 南和县
130528 132229 0 0 宁晋县
130529 132231 0 0 巨鹿县
130530 132232 0 0 新河县
130531 132233 0 0 广宗县
130532 132234 0 0 平乡县
130533 132235 0 0 威县
130534 132236 0 0 清河县
130535 132237 0 0 临西县
130581 132230 0 0 南宫市
130582 132202 132222 0 沙河市
130600 132401 132400 0 保定市 132426|河北省保定地区完县
130601 0 0 0 市辖区
130602 132436 0 0 新市区
130603 0 0 0 北市区
130604 310102 0 0 南市区
130621 132422 0 0 满城县
130622 132431 0 0 清苑县
130623 132429 0 0 涞水县
130624 132438 0 0 阜平县
130625 132423 0 0 徐水县
130626 132425 132439 0 定兴县
130627 132427 0 0 唐县
130628 132432 0 0 高阳县
130629 132435 0 0 容城县
130630 132424 0 0 涞源县
130631 132428 0 0 望都县
130632 132433 0 0 安新县
130633 132421 0 0 易县
130634 132437 0 0 曲阳县
130635 132442 0 0 蠡县
130636 0 0 0 顺平县
130637 132441 0 0 博野县
130638 132434 0 0 雄县
130681 132402 132430 0 涿州市
130682 0 0 0 定州市
130683 132403 132440 0 安国市
130684 132404 0 0 高碑店市
130700 132501 132500 0 张家口市
130701 0 0 0 市辖区
130702 0 0 0 桥东区
130703 0 0 0 桥西区
130705 0 0 0 宣化区
130706 0 0 0 下花园区
130721 132531 0 0 宣化县
130722 132521 0 0 张北县
130723 132522 0 0 康保县
130724 132523 0 0 沽源县
130725 132524 0 0 尚义县
130726 132525 0 0 蔚县
130727 132526 0 0 阳原县
130728 132527 0 0 怀安县
130729 132528 0 0 万全县
130730 132529 0 0 怀来县
130731 132530 0 0 涿鹿县
130732 132532 0 0 赤城县
130733 132533 0 0 崇礼县
130800 132601 132600 0 承德市
130801 0 0 0 市辖区
130802 0 0 0 双桥区
130803 0 0 0 双滦区
130804 0 0 0 鹰手营子矿区
130821 132625 0 0 承德县
130822 132623 0 0 兴隆县
130823 132624 0 0 平泉县
130824 132626 0 0 滦平县
130825 132628 0 0 隆化县
130826 132627 0 0 丰宁满族自治县
130827 132622 0 0 宽城满族自治县
130828 132629 0 0 围场满族蒙古族自治县
130900 132901 132900 0 沧州市 130904|河北省沧州市郊区;132925|河北省沧州地区交河县
130901 0 0 0 市辖区
130902 0 0 0 新华区
130903 0 0 0 运河区
130921 132921 0 0 沧县
130922 132932 0 0 青县
130923 132927 0 0 东光县
130924 132934 0 0 海兴县
130925 132929 0 0 盐山县
130926 132923 0 0 肃宁县
130927 132928 0 0 南皮县
130928 132926 0 0 吴桥县
130929 132924 0 0 献县
130930 132931 0 0 孟村回族自治县
130981 132902 0 0 泊头市
130982 132903 132933 0 任丘市
130983 132904 132930 0 黄骅市
130984 132905 132922 0 河间市
131000 132801 132800 0 廊坊市
131001 0 0 0 市辖区
131002 0 0 0 安次区
131003 0 0 0 广阳区
131022 132826 0 0 固安县
131023 132825 0 0 永清县
131024 132823 0 0 香河县
131025 132829 0 0 大城县
131026 132828 0 0 文安县
131028 132822 0 0 大厂回族自治县
131081 131027 132827 0 霸州市
131082 131021 132821 0 三河市
131100 133001 133000 133021 衡水市
131101 0 0 0 市辖区
131102 0 0 0 桃城区
131121 133023 0 0 枣强县
131122 133024 0 0 武邑县
131123 133026 0 0 武强县
131124 133027 0 0 饶阳县
131125 133028 0 0 安平县
131126 133029 0 0 故城县
131127 133030 0 0 景县
131128 133031 0 0 阜城县
131181 133002 133022 0 冀州市
131182 133025 0 0 深州市
140000 0 0 0 山西省 142100|山西省雁北地区
140100 0 0 0 太原市 140104|山西省太原市河西区
140101 0 0 0 市辖区
140105 0 0 0 小店区
140106 0 0 0 迎泽区
140107 0 0 0 杏花岭区
140108 0 0 0 尖草坪区
140109 0 0 0 万柏林区
140110 0 0 0 晋源区
140121 0 0 0 清徐县
140122 0 0 0 阳曲县
140123 0 0 0 娄烦县
140181 140111 149001 0 古交市
140200 0 0 0 大同市
140201 0 0 0 市辖区
140202 140102 140103 0 城区
140203 0 0 0 矿区
140211 140112 140511 0 南郊区
140212 0 0 0 新荣区
140221 142121 0 0 阳高县
140222 142122 0 0 天镇县
140223 142123 0 0 广灵县
140224 142124 0 0 灵丘县
140225 142125 0 0 浑源县
140226 142130 140230 0 左云县
140227 142132 140232 0 大同县
140300 0 0 0 阳泉市
140301 0 0 0 市辖区
140302 0 0 0 城区
140303 0 0 0 矿区
140311 140113 0 0 郊区
140321 142425 0 0 平定县
140322 142426 0 0 盂县
140400 0 0 0 长治市
140401 0 0 0 市辖区
140402 0 0 0 城区
140411 0 0 0 郊区
140421 142521 0 0 长治县
140423 142534 0 0 襄垣县
140424 142523 0 0 屯留县
140425 142531 0 0 平顺县
140426 142532 0 0 黎城县
140427 142530 0 0 壶关县
140428 142524 0 0 长子县
140429 142533 0 0 武乡县
140430 142535 0 0 沁县
140431 142536 0 0 沁源县
140481 0 0 0 潞城市
140500 0 0 0 晋城市
140501 0 0 0 市辖区
140502 0 0 0 城区
140521 142525 0 0 沁水县
140522 142526 0 0 阳城县
140524 142529 0 0 陵川县
140525 0 0 0 泽州县
140581 140523 0 0 高平市
140600 142128 0 0 朔州市
140601 0 0 0 市辖区
140602 0 0 0 朔城区
140603 142129 0 0 平鲁区
140621 142127 0 0 山阴县
140622 142126 0 0 应县
140623 142131 0 0 右玉县
140624 142133 0 0 怀仁县
140700 142400 0 0 晋中市
140701 0 0 0 市辖区
140702 142401 0 0 榆次区
140721 142421 0 0 榆社县
140722 142422 0 0 左权县
140723 142423 0 0 和顺县
140724 142424 0 0 昔阳县
140725 142427 0 0 寿阳县
140726 142429 0 0 太谷县
140727 142430 0 0 祁县
140728 142431 0 0 平遥县
140729 142433 0 0 灵石县
140781 142402 0 0 介休市
140800 142701 142700 0 运城市
140801 0 0 0 市辖区
140802 0 0 0 盐湖区
140821 142724 0 0 临猗县
140822 142725 0 0 万荣县
140823 142729 0 0 闻喜县
140824 142727 0 0 稷山县
140825 142726 0 0 新绛县
140826 142731 0 0 绛县
140827 142733 0 0 垣曲县
140828 142730 0 0 夏县
140829 142732 0 0 平陆县
140830 142723 0 0 芮城县
140881 142702 0 0 永济市
140882 142703 0 0 河津市
140900 142200 0 0 忻州市
140901 0 0 0 市辖区
140902 142201 0 0 忻府区
140921 142222 0 0 定襄县
140922 142223 0 0 五台县
140923 142225 0 0 代县
140924 142226 0 0 繁峙县
140925 142227 0 0 宁武县
140926 142228 0 0 静乐县
140927 142229 0 0 神池县
140928 142230 0 0 五寨县
140929 142231 0 0 岢岚县
140930 142232 0 0 河曲县
140931 142233 0 0 保德县
140932 142234 0 0 偏关县
140981 142202 0 0 原平市
141000 142601 142600 0 临汾市
141001 0 0 0 市辖区
141002 0 0 0 尧都区
141021 142621 0 0 曲沃县
141022 142622 0 0 翼城县
141023 142623 0 0 襄汾县
141024 142625 0 0 洪洞县
141025 142627 0 0 古县
141026 142628 0 0 安泽县
141027 142629 0 0 浮山县
141028 142630 0 0 吉县
141029 142631 0 0 乡宁县
141030 142633 0 0 大宁县
141031 142635 0 0 隰县
141032 142634 0 0 永和县
141033 142632 0 0 蒲县
141034 142636 0 0 汾西县
141081 142602 0 0 侯马市
141082 142603 0 0 霍州市
141100 142300 0 0 吕梁市
141101 0 0 0 市辖区
141102 142302 0 0 离石区
141121 142322 0 0 文水县
141122 142323 0 0 交城县
141123 142325 0 0 兴县
141124 142326 0 0 临县
141125 142327 0 0 柳林县
141126 142328 0 0 石楼县
141127 142329 0 0 岚县
141128 142330 0 0 方山县
141129 142332 0 0 中阳县
141130 142333 0 0 交口县
141181 142301 0 0 孝义市
141182 142303 142321 0 汾阳市
150000 0 0 0 内蒙古自治区 152300|内蒙古自治区哲里木盟;152700|内蒙古自治区伊克昭盟
150100 0 0 0 呼和浩特市
150101 0 0 0 市辖区
150102 0 0 0 新城区
150103 0 0 0 回民区
150104 0 0 0 玉泉区
150105 0 0 0 赛罕区
150121 0 0 0 土默特左旗
150122 0 0 0 托克托县
150123 152622 0 0 和林格尔县
150124 152623 0 0 清水河县
150125 152621 0 0 武川县
150200 0 0 0 包头市
150201 0 0 0 市辖区
150202 0 0 0 东河区
150203 0 0 0 昆都仑区
150204 0 0 0 青山区
150205 0 0 0 石拐区
150206 0 0 0 白云鄂博矿区
150207 0 0 0 九原区
150221 0 0 0 土默特右旗
150222 0 0 0 固阳县
150223 152623 152633 0 达尔罕茂明安联合旗
150300 0 0 0 乌海市
150301 0 0 0 市辖区
150302 0 0 0 海勃湾区
150303 0 0 0 海南区
150304 0 0 0 乌达区
150400 152401 0 0 赤峰市
150401 0 0 0 市辖区
150402 0 0 0 红山区
150403 0 0 0 元宝山区
150404 0 0 0 松山区
150421 0 0 0 阿鲁科尔沁旗
150422 0 0 0 巴林左旗
150423 0 0 0 巴林右旗
150424 0 0 0 林西县
150425 0 0 0 克什克腾旗
150426 0 0 0 翁牛特旗
150428 0 0 0 喀喇沁旗
150429 0 0 0 宁城县
150430 0 0 0 敖汉旗
150500 152301 152321 0 通辽市
150501 0 0 0 市辖区
150502 0 0 0 科尔沁区
150521 152322 0 0 科尔沁左翼中旗
150522 152323 0 0 科尔沁左翼后旗
150523 152324 0 0 开鲁县
150524 152325 0 0 库伦旗
150525 152326 0 0 奈曼旗
150526 152327 0 0 扎鲁特旗
150581 152302 0 0 霍林郭勒市
150600 0 0 0 鄂尔多斯市
150601 0 0 0 市辖区
150602 152701 152721 0 东胜区
150621 152722 0 0 达拉特旗
150622 152723 0 0 准格尔旗
150623 152724 0 0 鄂托克前旗
150624 152725 0 0 鄂托克旗
150625 152726 0 0 杭锦旗
150626 152727 0 0 乌审旗
150627 152728 0 0 伊金霍洛旗
150700 152100 0 0 呼伦贝尔市 152121|内蒙古自治区呼伦贝尔盟布特哈旗;152124|内蒙古自治区呼伦贝尔盟喜桂图旗
150701 0 0 0 市辖区
150702 152101 0 0 海拉尔区
150721 152122 0 0 阿荣旗
150722 152123 0 0 莫力达瓦达斡尔族自治旗
150723 152127 0 0 鄂伦春自治旗
150724 152128 0 0 鄂温克族自治旗
150725 152131 0 0 陈巴尔虎旗
150726 152130 0 0 新巴尔虎左旗
150727 152129 0 0 新巴尔虎右旗
150781 152102 0 0 满洲里市
150782 152104 0 0 牙克石市
150783 152103 0 0 扎兰屯市
150784 152106 152125 152126 额尔古纳市
150785 152105 0 0 根河市
150800 152800 0 0 巴彦淖尔市
150801 0 0 0 市辖区
150802 152801 152821 0 临河区
150821 152822 0 0 五原县
150822 152823 0 0 磴口县
150823 152824 0 0 乌拉特前旗
150824 152825 0 0 乌拉特中旗
150825 152826 0 0 乌拉特后旗
150826 152827 0 0 杭锦后旗
150900 152600 0 0 乌兰察布市
150901 0 0 0 市辖区
150902 152601 0 0 集宁区
150921 152624 0 0 卓资县
150922 152625 0 0 化德县
150923 152626 0 0 商都县
150924 152627 0 0 兴和县
150925 152629 0 0 凉城县
150926 152630 0 0 察哈尔右翼前旗
150927 152631 0 0 察哈尔右翼中旗
150928 152632 0 0 察哈尔右翼后旗
150929 152634 0 0 四子王旗
150981 152628 152602 0 丰镇市
152200 0 0 0 兴安盟
152201 0 0 0 乌兰浩特市
152202 0 0 0 阿尔山市
152221 0 0 0 科尔沁右翼前旗
152222 0 0 0 科尔沁右翼中旗
152223 0 0 0 扎赉特旗
152224 0 0 0 突泉县
152500 0 0 0 锡林郭勒盟
152501 0 0 0 二连浩特市
152502 0 0 0 锡林浩特市
152522 0 0 0 阿巴嘎旗
152523 0 0 0 苏尼特左旗
152524 0 0 0 苏尼特右旗
152525 0 0 0 东乌珠穆沁旗
152526 0 0 0 西乌珠穆沁旗
152527 0 0 0 太仆寺旗
152528 0 0 0 镶黄旗
152529 0 0 0 正镶白旗
152530 0 0 0 正蓝旗
152531 0 0 0 多伦县
152900 0 0 0 阿拉善盟
152921 0 0 0 阿拉善左旗
152922 0 0 0 阿拉善右旗
152923 0 0 0 额济纳旗
210000 0 0 0 辽宁省 219005|辽宁省铁法市
210100 0 0 0 沈阳市
210101 210120 0 0 市辖区
210102 120101 0 0 和平区
210103 0 0 0 沈河区
210104 0 0 0 大东区
210105 0 0 0 皇姑区
210106 0 0 0 铁西区
210111 0 0 0 苏家屯区
210112 0 0 0 东陵区
210113 0 0 0 沈北新区
210114 0 0 0 于洪区
210122 0 0 0 辽中县
210123 211125 212125 0 康平县
210124 211126 211226 212126 法库县
210181 210121 0 0 新民市
210200 0 0 0 大连市 210223|辽宁省大连市复县
210201 210220 0 0 市辖区
210202 0 0 0 中山区
210203 0 0 0 西岗区
210204 0 0 0 沙河口区
210211 0 0 0 甘井子区
210212 0 0 0 旅顺口区
210213 210221 210222 0 金州区
210224 0 0 0 长海县
210281 210219 219001 0 瓦房店市
210282 0 0 0 普兰店市
210283 210225 0 0 庄河市
210300 0 0 0 鞍山市 210319|辽宁省鞍山市开发区
210301 0 0 0 市辖区
210302 0 0 0 铁东区
210303 0 0 0 铁西区
210304 0 0 0 立山区
210311 0 0 0 千山区
210321 0 0 0 台安县
210323 210622 0 0 岫岩满族自治县
210381 210322 219002 0 海城市
210400 0 0 0 抚顺市
210401 0 0 0 市辖区
210402 0 0 0 新抚区
210403 0 0 0 东洲区
210404 0 0 0 望花区
210411 0 0 0 顺城区
210421 0 0 0 抚顺县
210422 0 0 0 新宾满族自治县
210423 0 0 0 清原满族自治县
210500 0 0 0 本溪市
210501 0 0 0 市辖区
210502 0 0 0 平山区
210503 0 0 0 溪湖区
210504 0 0 0 明山区
210505 210511 0 0 南芬区
210521 0 0 0 本溪满族自治县
210522 0 0 0 桓仁满族自治县
210600 0 0 0 丹东市 210623|辽宁省丹东市东沟县
210601 210620 0 0 市辖区
210602 0 0 0 元宝区
210603 0 0 0 振兴区
210604 0 0 0 振安区
210624 0 0 0 宽甸满族自治县
210681 0 0 0 东港市
210682 210621 0 0 凤城市
210700 210719 210721 210724 锦州市 219003|辽宁省锦西市
210701 210720 0 0 市辖区
210702 0 0 0 古塔区
210703 0 0 0 凌河区
210711 0 0 0 太和区
210726 0 0 0 黑山县
210727 0 0 0 义县
210781 0 0 0 凌海市
210782 210725 0 0 北镇市
210800 210821 0 0 营口市
210801 0 0 0 市辖区
210802 0 0 0 站前区
210803 0 0 0 西市区
210804 0 0 0 鲅鱼圈区
210811 0 0 0 老边区
210881 210824 0 0 盖州市
210882 0 0 0 大石桥市
210900 0 0 0 阜新市
210901 0 0 0 市辖区
210902 0 0 0 海州区
210903 0 0 0 新邱区
210904 0 0 0 太平区
210905 0 0 0 清河门区
210911 0 0 0 细河区
210921 0 0 0 阜新蒙古族自治县
210922 0 0 0 彰武县
211000 0 0 0 辽阳市
211001 0 0 0 市辖区
211002 0 0 0 白塔区
211003 0 0 0 文圣区
211004 0 0 0 宏伟区
211005 0 0 0 弓长岭区
211011 0 0 0 太子河区
211021 0 0 0 辽阳县
211081 211022 0 0 灯塔市
211100 0 0 0 盘锦市 211111|辽宁省盘锦市郊区
211101 0 0 0 市辖区
211102 0 0 0 双台子区
211103 0 0 0 兴隆台区
211121 210823 0 0 大洼县
211122 210822 0 0 盘山县
211200 211101 212100 0 铁岭市 211203|辽宁省铁岭市铁法区;212102|辽宁省铁岭市铁法市
211201 0 0 0 市辖区
211202 0 0 0 银州区
211204 0 0 0 清河区
211221 211121 212101 212121 铁岭县
211223 211123 212123 0 西丰县
211224 211124 212124 0 昌图县
211281 0 0 0 调兵山市
211282 211122 212122 219007 开原市
211300 211201 212200 0 朝阳市
211301 0 0 0 市辖区
211302 0 0 0 双塔区
211303 0 0 0 龙城区
211321 211221 0 0 朝阳县
211322 211222 0 0 建平县
211324 211224 0 0 喀喇沁左翼蒙古族自治县
211381 211326 212226 219006 北票市
211382 211223 211323 0 凌源市
211400 210705 0 0 葫芦岛市
211401 0 0 0 市辖区
211402 0 0 0 连山区
211403 0 0 0 龙港区
211404 210704 0 0 南票区
211421 210723 0 0 绥中县
211422 211225 211325 212225 建昌县
211481 210722 219004 0 兴城市
220000 0 0 0 吉林省 222121|吉林省怀德县;222202|吉林省浑江市;222221|吉林省海龙县
220100 0 0 0 长春市 220111|吉林省长春市郊区
220101 220120 0 0 市辖区
220102 0 0 0 南关区
220103 0 0 0 宽城区
220104 110105 0 0 朝阳区
220105 0 0 0 二道区
220106 0 0 0 绿园区
220112 220125 0 0 双阳区
220122 0 0 0 农安县
220181 220123 229005 0 九台市
220182 220121 0 0 榆树市
220183 220124 0 0 德惠市
220200 0 0 0 吉林市
220201 220220 0 0 市辖区
220202 0 0 0 昌邑区
220203 0 0 0 龙潭区
220204 0 0 0 船营区
220211 0 0 0 丰满区
220221 0 0 0 永吉县
220281 220224 0 0 蛟河市
220282 220225 229004 0 桦甸市
220283 220222 0 0 舒兰市
220284 220223 0 0 磐石市
220300 222101 0 0 四平市 220321|吉林省四平市怀德县
220301 0 0 0 市辖区
220302 0 0 0 铁西区
220303 0 0 0 铁东区
220322 222122 0 0 梨树县
220323 222123 0 0 伊通满族自治县
220381 220319 229001 0 公主岭市
220382 220324 222125 0 双辽市
220400 222102 0 0 辽源市
220401 0 0 0 市辖区
220402 0 0 0 龙山区
220403 0 0 0 西安区
220421 222124 0 0 东丰县
220422 0 0 0 东辽县
220500 222201 0 0 通化市
220501 0 0 0 市辖区
220502 0 0 0 东昌区
220503 0 0 0 二道江区
220521 222222 0 0 通化县
220523 222224 0 0 辉南县
220524 222223 0 0 柳河县
220581 220519 229002 0 梅河口市
220582 220522 222225 229003 集安市
220600 0 0 0 白山市 220603|吉林省白山市三岔子区
220601 0 0 0 市辖区
220602 0 0 0 八道江区
220605 220625 0 0 江源区
220621 222226 0 0 抚松县
220622 222227 0 0 靖宇县
220623 222228 0 0 长白朝鲜族自治县
220681 220604 0 0 临江市
220700 0 0 0 松原市
220701 0 0 0 市辖区
220702 0 0 0 宁江区
220721 222324 0 0 前郭尔罗斯蒙古族自治县
220722 222323 0 0 长岭县
220723 222328 0 0 乾安县
220724 222321 222303 0 扶余县
220800 222301 222300 0 白城市 222322|吉林省白城地区洮安县
220801 0 0 0 市辖区
220802 0 0 0 洮北区
220821 222326 0 0 镇赉县
220822 222327 0 0 通榆县
220881 222302 0 0 洮南市
220882 222304 222325 0 大安市
222400 0 0 0 延边朝鲜族自治州
222401 0 0 0 延吉市
222402 0 0 0 图们市
222403 222422 0 0 敦化市
222404 222425 0 0 珲春市
222405 222421 0 0 龙井市
222406 222423 0 0 和龙市
222424 0 0 0 汪清县
222426 0 0 0 安图县
230000 0 0 0 黑龙江省 232100|黑龙江省松花江地区
230100 0 0 0 哈尔滨市 230105|黑龙江省哈尔滨市太平区;230107|黑龙江省哈尔滨市动力区
230101 0 0 0 市辖区
230102 0 0 0 道里区
230103 0 0 0 南岗区
230104 0 0 0 道外区
230108 0 0 0 平房区
230109 0 0 0 松北区
230110 230106 0 0 香坊区
230111 230121 232123 0 呼兰区
230112 230119 230122 230181 阿城区 232121|黑龙江省松花江地区阿城市;239002|黑龙江省阿城市
230123 232423 230823 0 依兰县
230124 232130 0 0 方正县
230125 232122 0 0 宾县
230126 232126 0 0 巴彦县
230127 232127 0 0 木兰县
230128 232128 0 0 通河县
230129 232131 0 0 延寿县
230182 232124 232101 0 双城市
230183 232129 232102 0 尚志市
230184 232125 232103 0 五常市
230200 0 0 0 齐齐哈尔市
230201 0 0 0 市辖区
230202 0 0 0 龙沙区
230203 0 0 0 建华区
230204 0 0 0 铁锋区
230205 0 0 0 昂昂溪区
230206 0 0 0 富拉尔基区
230207 0 0 0 碾子山区
230208 0 0 0 梅里斯达斡尔族区
230221 232221 0 0 龙江县
230223 232223 0 0 依安县
230224 232224 0 0 泰来县
230225 232225 0 0 甘南县
230227 0 0 0 富裕县
230229 232229 0 0 克山县
230230 232230 0 0 克东县
230231 232231 0 0 拜泉县
230281 232222 230222 0 讷河市
230300 0 0 0 鸡西市
230301 0 0 0 市辖区
230302 0 0 0 鸡冠区
230303 0 0 0 恒山区
230304 0 0 0 滴道区
230305 0 0 0 梨树区
230306 0 0 0 城子河区
230307 0 0 0 麻山区
230321 232526 0 0 鸡东县
230381 231027 232528 0 虎林市
230382 231026 231082 232527 密山市 239006|黑龙江省密山市
230400 0 0 0 鹤岗市
230401 0 0 0 市辖区
230402 0 0 0 向阳区
230403 0 0 0 工农区
230404 0 0 0 南山区
230405 0 0 0 兴安区
230406 0 0 0 东山区
230407 0 0 0 兴山区
230421 232430 230830 0 萝北县
230422 232429 230829 0 绥滨县
230500 0 0 0 双鸭山市 230504|黑龙江省双鸭山市岭西区
230501 0 0 0 市辖区
230502 0 0 0 尖山区
230503 0 0 0 岭东区
230505 0 0 0 四方台区
230506 0 0 0 宝山区
230521 232425 230825 0 集贤县
230522 230834 0 0 友谊县
230523 232427 230827 0 宝清县
230524 232432 230832 0 饶河县
230600 0 0 0 大庆市
230601 0 0 0 市辖区
230602 0 0 0 萨尔图区
230603 0 0 0 龙凤区
230604 0 0 0 让胡路区
230605 0 0 0 红岗区
230606 0 0 0 大同区
230621 232329 0 0 肇州县
230622 232328 0 0 肇源县
230623 232228 230228 0 林甸县
230624 232226 230226 0 杜尔伯特蒙古族自治县
230700 0 0 0 伊春市
230701 0 0 0 市辖区
230702 0 0 0 伊春区
230703 0 0 0 南岔区
230704 0 0 0 友好区
230705 0 0 0 西林区
230706 0 0 0 翠峦区
230707 0 0 0 新青区
230708 0 0 0 美溪区
230709 0 0 0 金山屯区
230710 0 0 0 五营区
230711 0 0 0 乌马河区
230712 0 0 0 汤旺河区
230713 0 0 0 带岭区
230714 0 0 0 乌伊岭区
230715 0 0 0 红星区
230716 0 0 0 上甘岭区
230722 0 0 0 嘉荫县
230781 230721 239005 0 铁力市
230800 232401 232400 0 佳木斯市 230802|黑龙江省佳木斯市永红区
230801 0 0 0 市辖区
230803 0 0 0 向阳区
230804 0 0 0 前进区
230805 0 0 0 东风区
230811 231011 0 0 郊区
230822 232422 0 0 桦南县
230826 232426 0 0 桦川县
230828 232428 0 0 汤原县
230833 232433 0 0 抚远县
230881 230831 232431 239003 同江市
230882 230821 232421 239004 富锦市
230900 232402 0 0 七台河市
230901 0 0 0 市辖区
230902 0 0 0 新兴区
230903 0 0 0 桃山区
230904 0 0 0 茄子河区
230921 232424 0 0 勃利县
231000 232501 232500 0 牡丹江市
231001 0 0 0 市辖区
231002 0 0 0 东安区
231003 0 0 0 阳明区
231004 0 0 0 爱民区
231005 0 0 0 西安区
231024 232524 0 0 东宁县
231025 232525 0 0 林口县
231081 232502 231020 239001 绥芬河市
231083 231022 232522 0 海林市
231084 231021 232521 0 宁安市
231085 231023 232523 0 穆棱市
231100 232601 232600 0 黑河市 232623|黑龙江省黑河地区德都县
231101 0 0 0 市辖区
231102 0 0 0 爱辉区
231121 232622 0 0 嫩江县
231123 232625 0 0 逊克县
231124 232626 0 0 孙吴县
231181 232602 232621 0 北安市
231182 232603 0 0 五大连池市
231200 232300 232301 232323 绥化市
231201 0 0 0 市辖区
231202 0 0 0 北林区
231221 232324 0 0 望奎县
231222 232325 0 0 兰西县
231223 232326 0 0 青冈县
231224 232330 0 0 庆安县
231225 232331 0 0 明水县
231226 232332 0 0 绥棱县
231281 232302 232327 0 安达市
231282 232303 232322 0 肇东市
231283 232304 232321 0 海伦市
232700 0 0 0 大兴安岭地区 232701|黑龙江省大兴安岭地区加格达奇区
232721 0 0 0 呼玛县
232722 0 0 0 塔河县
232723 232724 0 0 漠河县
310000 0 0 0 上海市
310100 0 0 0 市辖区 310111|上海市吴凇区;310119|上海市南汇区
310101 0 0 0 黄浦区
310103 0 0 0 卢湾区
310104 0 0 0 徐汇区
310105 0 0 0 长宁区
310106 0 0 0 静安区
310107 0 0 0 普陀区
310108 0 0 0 闸北区
310109 0 0 0 虹口区
310110 0 0 0 杨浦区
310112 0 0 0 闵行区
310113 310223 0 0 宝山区
310114 310222 0 0 嘉定区
310115 0 0 0 浦东新区
310116 310228 0 0 金山区
310117 310227 0 0 松江区
310118 310229 0 0 青浦区
310120 310226 0 0 奉贤区
310200 110200 0 0 县 310221|上海市上海县;310224|上海市川沙县;310225|上海市南汇县
310230 0 0 0 崇明县
320000 0 0 0 江苏省
320100 0 0 0 南京市 320112|江苏省南京市大厂区;320122|江苏省南京市江浦县
320101 320120 0 0 市辖区
320102 0 0 0 玄武区
320103 0 0 0 白下区
320104 0 0 0 秦淮区
320105 0 0 0 建邺区
320106 0 0 0 鼓楼区
320107 0 0 0 下关区
320111 0 0 0 浦口区
320113 0 0 0 栖霞区
320114 0 0 0 雨花台区
320115 320121 0 0 江宁区
320116 320123 0 0 六合区
320124 322626 0 0 溧水县
320125 322627 0 0 高淳县
320200 320222 0 0 无锡市 320212|江苏省无锡市马山区
320201 0 0 0 市辖区
320202 0 0 0 崇安区
320203 0 0 0 南长区
320204 0 0 0 北塘区
320205 320283 0 0 锡山区
320206 0 0 0 惠山区
320211 0 0 0 滨湖区
320281 320219 320221 0 江阴市
320282 320223 0 0 宜兴市
320300 0 0 0 徐州市
320301 0 0 0 市辖区
320302 0 0 0 鼓楼区
320303 0 0 0 云龙区
320304 0 0 0 九里区
320305 0 0 0 贾汪区
320311 0 0 0 泉山区
320321 322121 0 0 丰县
320322 322122 0 0 沛县
320323 322123 0 0 铜山县
320324 322124 0 0 睢宁县
320381 322126 320326 0 新沂市
320382 322125 320325 0 邳州市
320400 0 0 0 常州市
320401 0 0 0 市辖区
320402 0 0 0 天宁区
320404 0 0 0 钟楼区
320405 0 0 0 戚墅堰区
320411 0 0 0 新北区
320412 320419 320421 320483 武进区
320481 320423 0 0 溧阳市
320482 320422 0 0 金坛市
320500 0 0 0 苏州市 320511|江苏省苏州市郊区;320521|江苏省苏州市沙洲县
320501 0 0 0 市辖区
320502 0 0 0 沧浪区
320503 0 0 0 平江区
320504 0 0 0 金阊区
320505 0 0 0 虎丘区
320506 320524 320586 0 吴中区
320507 0 0 0 相城区
320581 320520 0 0 常熟市
320582 0 0 0 张家港市
320583 320523 0 0 昆山市
320584 320525 0 0 吴江市
320585 320522 0 0 太仓市
320600 0 0 0 南通市
320601 0 0 0 市辖区
320602 0 0 0 崇川区
320611 0 0 0 港闸区
320612 320624 320683 0 通州区
320621 322521 0 0 海安县
320623 322523 0 0 如东县
320681 320626 0 0 启东市
320682 320622 0 0 如皋市
320684 320625 0 0 海门市
320700 0 0 0 连云港市 320704|江苏省连云港市云台区
320701 0 0 0 市辖区
320703 0 0 0 连云区
320705 0 0 0 新浦区
320706 0 0 0 海州区
320721 322128 0 0 赣榆县
320722 322127 0 0 东海县
320723 322222 0 0 灌云县
320724 322223 320822 0 灌南县
320800 320828 320882 0 淮安市
320801 0 0 0 市辖区
320802 0 0 0 清河区
320803 0 0 0 楚州区
320804 320821 0 0 淮阴区
320811 0 0 0 清浦区
320826 322227 0 0 涟水县
320829 322230 0 0 洪泽县
320830 322231 0 0 盱眙县
320831 322232 0 0 金湖县
320900 0 0 0 盐城市 320911|江苏省盐城市郊区
320901 0 0 0 市辖区
320902 0 0 0 亭湖区
320903 320928 0 0 盐都区
320921 322321 0 0 响水县
320922 322322 0 0 滨海县
320923 322323 0 0 阜宁县
320924 322324 0 0 射阳县
320925 322325 0 0 建湖县
320981 320919 320927 0 东台市
320982 320926 0 0 大丰市
321000 322401 0 0 扬州市
321001 0 0 0 市辖区
321002 0 0 0 广陵区
321003 321027 0 0 邗江区
321011 0 0 0 维扬区
321023 322423 0 0 宝应县
321081 321019 321029 0 仪征市
321084 321022 0 0 高邮市
321088 320126 321026 321087 江都市
321100 322601 0 0 镇江市
321101 0 0 0 市辖区
321102 0 0 0 京口区
321111 0 0 0 润州区
321112 321121 0 0 丹徒区
321181 321119 321122 0 丹阳市
321182 321124 0 0 扬中市
321183 321123 0 0 句容市
321200 322402 321020 321025 泰州市 321028|江苏省扬州市泰县;321082|江苏省扬州市泰州市;321085|江苏省扬州市泰兴市
321201 0 0 0 市辖区
321202 0 0 0 海陵区
321203 0 0 0 高港区
321281 321021 321083 0 兴化市
321282 321024 321086 0 靖江市
321283 0 0 0 泰兴市
321284 0 0 0 姜堰市
321300 320819 320824 320881 宿迁市
321301 0 0 0 市辖区
321302 0 0 0 宿城区
321311 321321 0 0 宿豫区
321322 322224 320823 0 沭阳县
321323 322226 320825 0 泗阳县
321324 322228 320827 0 泗洪县
330000 0 0 0 浙江省
330100 0 0 0 杭州市
330101 330120 0 0 市辖区
330102 0 0 0 上城区
330103 0 0 0 下城区
330104 0 0 0 江干区
330105 0 0 0 拱墅区
330106 0 0 0 西湖区
330108 330107 0 0 滨江区
330109 330121 330181 339005 萧山区
330110 330125 330184 0 余杭区
330122 0 0 0 桐庐县
330127 0 0 0 淳安县
330182 330126 0 0 建德市
330183 330123 0 0 富阳市
330185 330124 0 0 临安市
330200 0 0 0 宁波市 330202|浙江省宁波市镇明区
330201 0 0 0 市辖区
330203 0 0 0 海曙区
330204 0 0 0 江东区
330205 0 0 0 江北区
330206 0 0 0 北仑区
330211 330221 0 0 镇海区
330212 330207 330227 0 鄞州区
330225 332224 0 0 象山县
330226 332225 0 0 宁海县
330281 330219 330223 339001 余姚市
330282 330222 339009 0 慈溪市
330283 330224 339010 0 奉化市
330300 0 0 0 温州市
330301 0 0 0 市辖区
330302 0 0 0 鹿城区
330303 0 0 0 龙湾区
330304 330321 0 0 瓯海区
330322 0 0 0 洞头县
330324 0 0 0 永嘉县
330326 0 0 0 平阳县
330327 0 0 0 苍南县
330328 0 0 0 文成县
330329 0 0 0 泰顺县
330381 330325 339004 0 瑞安市
330382 330323 0 0 乐清市
330400 332102 0 0 嘉兴市
330401 0 0 0 市辖区
330402 0 0 0 南湖区
330411 0 0 0 秀洲区
330421 332121 0 0 嘉善县
330424 332124 0 0 海盐县
330481 330419 330423 339002 海宁市
330482 330422 0 0 平湖市
330483 330425 0 0 桐乡市
330500 332101 0 0 湖州市 330511|浙江省湖州市郊区
330501 0 0 0 市辖区
330502 0 0 0 吴兴区
330503 0 0 0 南浔区
330521 332126 0 0 德清县
330522 332127 0 0 长兴县
330523 332128 0 0 安吉县
330600 332301 0 0 绍兴市
330601 0 0 0 市辖区
330602 0 0 0 越城区
330621 0 0 0 绍兴县
330624 332323 0 0 新昌县
330681 330625 339011 0 诸暨市
330682 330622 0 0 上虞市
330683 330623 0 0 嵊州市
330700 332401 330721 0 金华市
330701 0 0 0 市辖区
330702 0 0 0 婺城区
330703 0 0 0 金东区
330723 332423 0 0 武义县
330726 332426 0 0 浦江县
330727 0 0 0 磐安县
330781 330719 339003 0 兰溪市
330782 330725 339007 0 义乌市
330783 330724 339008 0 东阳市
330784 330722 0 0 永康市
330800 332402 0 0 衢州市
330801 0 0 0 市辖区
330802 0 0 0 柯城区
330803 330821 0 0 衢江区
330822 332427 0 0 常山县
330824 332429 0 0 开化县
330825 0 0 0 龙游县
330881 330823 339006 0 江山市
330900 332700 0 0 舟山市
330901 0 0 0 市辖区
330902 332721 0 0 定海区
330903 310107 332722 0 普陀区
330921 332723 0 0 岱山县
330922 332724 0 0 嵊泗县
331000 332600 0 0 台州市
331001 0 0 0 市辖区
331002 332601 0 0 椒江区
331003 332603 332622 0 黄岩区
331004 0 0 0 路桥区
331021 332627 0 0 玉环县
331022 332626 0 0 三门县
331023 332625 0 0 天台县
331024 332624 0 0 仙居县
331081 332623 0 0 温岭市
331082 332602 332621 0 临海市
331100 332500 332501 332521 丽水市
331101 0 0 0 市辖区
331102 0 0 0 莲都区
331121 332522 0 0 青田县
331122 332526 0 0 缙云县
331123 332527 0 0 遂昌县
331124 332528 0 0 松阳县
331125 332523 0 0 云和县
331126 332525 0 0 庆元县
331127 332529 0 0 景宁畲族自治县
331181 332502 332524 0 龙泉市
340000 0 0 0 安徽省
340100 0 0 0 合肥市
340101 0 0 0 市辖区
340102 0 0 0 瑶海区
340103 0 0 0 庐阳区
340104 0 0 0 蜀山区
340111 0 0 0 包河区
340121 0 0 0 长丰县
340122 342621 0 0 肥东县
340123 342424 0 0 肥西县
340200 0 0 0 芜湖市 340204|安徽省芜湖市新芜区;340205|安徽省芜湖市裕溪口区;340206|安徽省芜湖市四褐山区
340201 340220 0 0 市辖区
340202 0 0 0 镜湖区
340203 0 0 0 弋江区
340207 0 0 0 鸠江区
340208 0 0 0 三山区
340221 0 0 0 芜湖县
340222 342526 0 0 繁昌县
340223 342527 0 0 南陵县
340300 0 0 0 蚌埠市
340301 0 0 0 市辖区
340302 0 0 0 龙子湖区
340303 0 0 0 蚌山区
340304 0 0 0 禹会区
340311 0 0 0 淮上区
340321 342226 0 0 怀远县
340322 342227 0 0 五河县
340323 342228 0 0 固镇县
340400 0 0 0 淮南市
340401 0 0 0 市辖区
340402 0 0 0 大通区
340403 0 0 0 田家庵区
340404 0 0 0 谢家集区
340405 0 0 0 八公山区
340406 0 0 0 潘集区
340421 0 0 0 凤台县
340500 0 0 0 马鞍山市 340505|安徽省马鞍山市向山区
340501 0 0 0 市辖区
340502 0 0 0 金家庄区
340503 0 0 0 花山区
340504 0 0 0 雨山区
340521 342525 0 0 当涂县
340600 0 0 0 淮北市
340601 0 0 0 市辖区
340602 0 0 0 杜集区
340603 0 0 0 相山区
340604 0 0 0 烈山区
340621 0 0 0 濉溪县
340700 0 0 0 铜陵市
340701 0 0 0 市辖区
340702 0 0 0 铜官山区
340703 0 0 0 狮子山区
340711 340211 0 0 郊区
340721 0 0 0 铜陵县
340800 342800 0 0 安庆市
340801 0 0 0 市辖区
340802 0 0 0 迎江区
340803 0 0 0 大观区
340811 0 0 0 宜秀区
340822 342821 0 0 怀宁县
340823 342823 0 0 枞阳县
340824 342824 0 0 潜山县
340825 342825 0 0 太湖县
340826 342826 0 0 宿松县
340827 342827 0 0 望江县
340828 342828 0 0 岳西县
340881 340821 342822 0 桐城市
341000 0 0 0 黄山市
341001 0 0 0 市辖区
341002 342701 0 0 屯溪区
341003 0 0 0 黄山区
341004 342700 0 0 徽州区 342727|安徽省徽州地区太平县
341021 342723 0 0 歙县
341022 342724 0 0 休宁县
341023 342725 0 0 黟县
341024 342726 0 0 祁门县
341100 342300 342301 342323 滁州市 341127|安徽省滁州市嘉山县;342327|安徽省滁县地区嘉山县
341101 0 0 0 市辖区
341102 0 0 0 琅琊区
341103 0 0 0 南谯区
341122 342322 0 0 来安县
341124 342324 0 0 全椒县
341125 342325 0 0 定远县
341126 342326 0 0 凤阳县
341181 341121 342321 0 天长市
341182 0 0 0 明光市
341200 342101 342100 342121 阜阳市
341201 0 0 0 市辖区
341202 0 0 0 颍州区
341203 0 0 0 颍东区
341204 0 0 0 颍泉区
341221 342122 0 0 临泉县
341222 342123 0 0 太和县
341225 342127 0 0 阜南县
341226 342128 0 0 颍上县
341282 342129 0 0 界首市
341300 342201 342200 342223 宿州市
341301 0 0 0 市辖区
341302 0 0 0 埇桥区
341321 342221 0 0 砀山县
341322 342222 0 0 萧县
341323 342224 0 0 灵璧县
341324 342225 0 0 泗县
341400 342600 342601 0 巢湖市
341401 0 0 0 市辖区
341402 342624 0 0 居巢区
341421 342622 0 0 庐江县
341422 342623 0 0 无为县
341423 342625 0 0 含山县
341424 342626 0 0 和县
341500 342401 342400 342421 六安市
341501 0 0 0 市辖区
341502 0 0 0 金安区
341503 0 0 0 裕安区
341521 342422 0 0 寿县
341522 342423 0 0 霍邱县
341523 342425 0 0 舒城县
341524 342426 0 0 金寨县
341525 342427 0 0 霍山县
341600 341281 342126 0 亳州市
341601 0 0 0 市辖区
341602 0 0 0 谯城区
341621 342124 341223 0 涡阳县
341622 342125 341224 0 蒙城县
341623 342130 341227 0 利辛县
341700 342830 342900 0 池州市
341701 0 0 0 市辖区
341702 342901 0 0 贵池区
341721 342829 342921 0 东至县
341722 342728 342922 0 石台县
341723 342528 340224 342923 青阳县
341800 342500 0 0 宣城市
341801 0 0 0 市辖区
341802 342501 342521 0 宣州区
341821 342522 0 0 郎溪县
341822 342523 0 0 广德县
341823 342529 0 0 泾县
341824 342721 342531 0 绩溪县
341825 342722 342530 0 旌德县
341881 342502 342524 0 宁国市
350000 0 0 0 福建省
350100 0 0 0 福州市
350101 350120 0 0 市辖区
350102 0 0 0 鼓楼区
350103 0 0 0 台江区
350104 0 0 0 仓山区
350105 0 0 0 马尾区
350111 0 0 0 晋安区
350121 0 0 0 闽侯县
350122 352222 0 0 连江县
350123 352223 0 0 罗源县
350124 352321 0 0 闽清县
350125 352322 0 0 永泰县
350128 352325 0 0 平潭县
350181 352324 350127 0 福清市
350182 352323 350126 0 长乐市
350200 0 0 0 厦门市 350202|福建省厦门市鼓浪屿区;350204|福建省厦门市开元区
350201 0 0 0 市辖区
350203 0 0 0 思明区
350205 0 0 0 海沧区
350206 0 0 0 湖里区
350211 0 0 0 集美区
350212 0 0 0 同安区
350213 0 0 0 翔安区
350300 350321 0 0 莆田市
350301 0 0 0 市辖区
350302 0 0 0 城厢区
350303 0 0 0 涵江区
350304 0 0 0 荔城区
350305 0 0 0 秀屿区
350322 352327 0 0 仙游县
350400 352701 352700 0 三明市
350401 0 0 0 市辖区
350402 0 0 0 梅列区
350403 0 0 0 三元区
350421 352721 0 0 明溪县
350423 352723 0 0 清流县
350424 352724 0 0 宁化县
350425 352725 0 0 大田县
350426 352726 0 0 尤溪县
350427 352727 0 0 沙县
350428 352728 0 0 将乐县
350429 352729 0 0 泰宁县
350430 352730 0 0 建宁县
350481 352722 350404 350420 永安市 350422|福建省三明市永安县;359001|福建省永安市
350500 352401 0 0 泉州市
350501 0 0 0 市辖区
350502 0 0 0 鲤城区
350503 0 0 0 丰泽区
350504 0 0 0 洛江区
350505 0 0 0 泉港区
350521 352421 0 0 惠安县
350524 352424 0 0 安溪县
350525 352425 0 0 永春县
350526 352426 0 0 德化县
350527 352427 0 0 金门县
350581 359002 0 0 石狮市
350582 352422 350522 0 晋江市
350583 352423 350523 0 南安市
350600 352501 0 0 漳州市
350601 0 0 0 市辖区
350602 0 0 0 芗城区
350603 0 0 0 龙文区
350622 352522 0 0 云霄县
350623 352523 0 0 漳浦县
350624 352524 0 0 诏安县
350625 352525 0 0 长泰县
350626 352526 0 0 东山县
350627 352527 0 0 南靖县
350628 352528 0 0 平和县
350629 352529 0 0 华安县
350681 352521 350621 0 龙海市
350700 352101 352100 0 南平市 352126|福建省南平地区崇安县
350701 0 0 0 市辖区
350702 0 0 0 延平区
350721 352121 0 0 顺昌县
350722 352124 0 0 浦城县
350723 352127 0 0 光泽县
350724 352128 0 0 松溪县
350725 352129 0 0 政和县
350781 352102 352125 0 邵武市
350782 352103 0 0 武夷山市
350783 352104 352123 0 建瓯市
350784 352122 0 0 建阳市
350800 352601 352600 0 龙岩市
350801 0 0 0 市辖区
350802 0 0 0 新罗区
350821 352622 0 0 长汀县
350822 352623 0 0 永定县
350823 352624 0 0 上杭县
350824 352625 0 0 武平县
350825 352627 0 0 连城县
350881 352626 352602 0 漳平市
350900 352200 352201 352221 宁德市
350901 0 0 0 市辖区
350902 0 0 0 蕉城区
350921 352225 0 0 霞浦县
350922 352227 0 0 古田县
350923 352228 0 0 屏南县
350924 352229 0 0 寿宁县
350925 352230 0 0 周宁县
350926 352231 0 0 柘荣县
350981 352202 352226 0 福安市
350982 352203 352224 0 福鼎市
360000 0 0 0 江西省
360100 0 0 0 南昌市
360101 0 0 0 市辖区
360102 0 0 0 东湖区
360103 0 0 0 西湖区
360104 0 0 0 青云谱区
360105 0 0 0 湾里区
360111 0 0 0 青山湖区
360121 0 0 0 南昌县
360122 0 0 0 新建县
360123 362231 0 0 安义县
360124 362530 0 0 进贤县
360200 0 0 0 景德镇市 360211|江西省景德镇市鹅湖区;360212|江西省景德镇市蛟潭区
360201 0 0 0 市辖区
360202 0 0 0 昌江区
360203 0 0 0 珠山区
360222 0 0 0 浮梁县
360281 360221 362332 0 乐平市
360300 0 0 0 萍乡市
360301 0 0 0 市辖区
360302 0 0 0 安源区
360313 0 0 0 湘东区
360321 362431 0 0 莲花县
360322 360311 0 0 上栗县
360323 360312 0 0 芦溪县
360400 362600 0 0 九江市
360401 0 0 0 市辖区
360402 0 0 0 庐山区
360403 0 0 0 浔阳区
360421 362621 0 0 九江县
360423 362623 0 0 武宁县
360424 362624 0 0 修水县
360425 362625 0 0 永修县
360426 362626 0 0 德安县
360427 362627 0 0 星子县
360428 362628 0 0 都昌县
360429 362629 0 0 湖口县
360430 362630 0 0 彭泽县
360481 360422 362622 0 瑞昌市
360500 362224 0 0 新余市
360501 0 0 0 市辖区
360502 0 0 0 渝水区
360521 362230 0 0 分宜县
360600 362302 0 0 鹰潭市
360601 0 0 0 市辖区
360602 0 0 0 月湖区
360622 362328 0 0 余江县
360681 360621 362327 0 贵溪市
360700 362101 362100 0 赣州市
360701 0 0 0 市辖区
360702 0 0 0 章贡区
360721 362121 0 0 赣县
360722 362123 0 0 信丰县
360723 362124 0 0 大余县
360724 362125 0 0 上犹县
360725 362126 0 0 崇义县
360726 362127 0 0 安远县
360727 362128 0 0 龙南县
360728 362129 0 0 定南县
360729 362130 0 0 全南县
360730 362131 0 0 宁都县
360731 362132 0 0 于都县
360732 362133 0 0 兴国县
360733 362135 0 0 会昌县
360734 362136 0 0 寻乌县
360735 362137 0 0 石城县
360781 362134 362102 0 瑞金市
360782 362122 362103 0 南康市
360800 362401 362400 0 吉安市 362432|江西省吉安地区宁冈县;362433|江西省吉安地区井岗山县
360801 0 0 0 市辖区
360802 0 0 0 吉州区
360803 0 0 0 青原区
360821 362421 0 0 吉安县
360822 362422 0 0 吉水县
360823 362423 0 0 峡江县
360824 362424 0 0 新干县
360825 362425 0 0 永丰县
360826 362426 0 0 泰和县
360827 362427 0 0 遂川县
360828 362428 0 0 万安县
360829 362429 0 0 安福县
360830 362430 0 0 永新县
360881 362402 0 0 井冈山市
360900 362201 362200 362225 宜春市 362223|江西省宜春地区清江县
360901 0 0 0 市辖区
360902 0 0 0 袁州区
360921 362226 0 0 奉新县
360922 362227 0 0 万载县
360923 362228 0 0 上高县
360924 362229 0 0 宜丰县
360925 362232 0 0 靖安县
360926 362233 0 0 铜鼓县
360981 362202 362221 0 丰城市
360982 362203 0 0 樟树市
360983 362204 362222 0 高安市
361000 362501 362500 0 抚州市
361001 0 0 0 市辖区
361002 362502 362521 0 临川区
361021 362522 0 0 南城县
361022 362523 0 0 黎川县
361023 362524 0 0 南丰县
361024 362525 0 0 崇仁县
361025 362526 0 0 乐安县
361026 362527 0 0 宜黄县
361027 362528 0 0 金溪县
361028 362529 0 0 资溪县
361029 362531 0 0 东乡县
361030 362138 362532 0 广昌县
361100 362301 362300 0 上饶市 362330|江西省上饶地区波阳县
361101 0 0 0 市辖区
361102 0 0 0 信州区
361121 362321 0 0 上饶县
361122 362322 0 0 广丰县
361123 362323 0 0 玉山县
361124 362324 0 0 铅山县
361125 362325 0 0 横峰县
361126 362326 0 0 弋阳县
361127 362329 0 0 余干县
361128 0 0 0 鄱阳县
361129 362331 0 0 万年县
361130 362334 0 0 婺源县
361181 362333 0 0 德兴市
370000 0 0 0 山东省 379012|山东省荣城市
370100 0 0 0 济南市 370111|山东省济南市郊区
370101 370120 0 0 市辖区
370102 0 0 0 历下区
370103 0 0 0 市中区
370104 0 0 0 槐荫区
370105 0 0 0 天桥区
370112 370121 0 0 历城区
370113 370123 0 0 长清区
370124 372627 0 0 平阴县
370125 372430 0 0 济阳县
370126 372429 0 0 商河县
370181 370122 0 0 章丘市
370200 379001 0 0 青岛市 370204|山东省青岛市台东区;370206|山东省青岛市沧口区
370201 370220 0 0 市辖区
370202 0 0 0 市南区
370203 0 0 0 市北区
370205 0 0 0 四方区
370211 370623 0 0 黄岛区
370212 370221 0 0 崂山区
370213 0 0 0 李沧区
370214 0 0 0 城阳区
370281 370223 370224 379006 胶州市
370282 370222 0 0 即墨市
370283 370226 372230 0 平度市
370284 0 0 0 胶南市
370285 370225 0 0 莱西市
370300 0 0 0 淄博市
370301 0 0 0 市辖区
370302 0 0 0 淄川区
370303 0 0 0 张店区
370304 0 0 0 博山区
370305 0 0 0 临淄区
370306 0 0 0 周村区
370321 372329 0 0 桓台县
370322 372331 0 0 高青县
370323 372828 0 0 沂源县
370400 0 0 0 枣庄市
370401 370420 0 0 市辖区
370402 0 0 0 市中区
370403 0 0 0 薛城区
370404 0 0 0 峄城区
370405 0 0 0 台儿庄区
370406 0 0 0 山亭区
370481 370421 379010 0 滕州市
370500 0 0 0 东营市
370501 0 0 0 市辖区
370502 0 0 0 东营区
370503 0 0 0 河口区
370521 372332 0 0 垦利县
370522 372326 0 0 利津县
370523 372327 0 0 广饶县
370600 372101 372100 0 烟台市 370625|山东省烟台市掖县;370633|山东省烟台市荣城县;372125|山东省烟台地区掖县;372133|山东省烟台地区荣城县
370601 0 0 0 市辖区
370602 0 0 0 芝罘区
370611 372121 0 0 福山区
370612 370631 372131 0 牟平区
370613 0 0 0 莱山区
370634 372134 0 0 长岛县
370681 370619 379002 0 龙口市
370682 370627 372127 379008 莱阳市
370683 370622 372122 372126 莱州市
370684 0 0 0 蓬莱市
370685 370624 372124 0 招远市
370686 370628 372128 0 栖霞市
370687 370629 372129 0 海阳市
370700 372201 372200 0 潍坊市 370721|山东省潍坊市益都县;372221|山东省潍坊地区益都县
370701 0 0 0 市辖区
370702 372231 0 0 潍城区
370703 0 0 0 寒亭区
370704 0 0 0 坊子区
370705 0 0 0 奎文区
370724 372224 0 0 临朐县
370725 372225 0 0 昌乐县
370781 370719 0 0 青州市
370782 370728 372228 379007 诸城市
370783 370723 372223 0 寿光市
370784 370722 372222 0 安丘市
370785 370727 372227 0 高密市
370786 370726 372226 0 昌邑市
370800 372701 372700 0 济宁市
370801 0 0 0 市辖区
370802 0 0 0 市中区
370811 0 0 0 任城区
370826 372726 0 0 微山县
370827 372727 0 0 鱼台县
370828 372728 0 0 金乡县
370829 372729 0 0 嘉祥县
370830 372730 0 0 汶上县
370831 372724 372630 0 泗水县
370832 372927 0 0 梁山县
370881 370819 370823 372723 曲阜市 379003|山东省曲阜市
370882 370822 372722 0 兖州市
370883 370825 372725 0 邹城市
370900 372601 372600 0 泰安市 372628|山东省泰安地区新汶县
370901 0 0 0 市辖区
370902 0 0 0 泰山区
370911 370903 0 0 岱岳区
370921 372624 0 0 宁阳县
370923 372626 0 0 东平县
370982 370920 372603 372623 新泰市 379005|山东省新泰市
370983 370922 372625 0 肥城市
371000 372102 370620 0 威海市
371001 0 0 0 市辖区
371002 0 0 0 环翠区
371081 370632 372132 379011 文登市
371082 0 0 0 荣成市
371083 371021 372130 0 乳山市
371100 372802 372825 0 日照市
371101 0 0 0 市辖区
371102 0 0 0 东港区
371103 0 0 0 岚山区
371121 372229 370729 0 五莲县
371122 372826 0 0 莒县
371200 370919 370981 372602 莱芜市 372622|山东省泰安地区莱芜县;379004|山东省莱芜市;379009|山东省莱州市
371201 0 0 0 市辖区
371202 0 0 0 莱城区
371203 0 0 0 钢城区
371300 372800 372801 372821 临沂市
371301 0 0 0 市辖区
371302 0 0 0 兰山区
371311 0 0 0 罗庄区
371312 120102 0 0 河东区
371321 372832 0 0 沂南县
371322 372822 0 0 郯城县
371323 372827 0 0 沂水县
371324 372823 0 0 苍山县
371325 372831 0 0 费县
371326 372830 0 0 平邑县
371327 372824 0 0 莒南县
371328 372829 0 0 蒙阴县
371329 372833 0 0 临沭县
371400 372401 372400 0 德州市
371401 0 0 0 市辖区
371402 0 0 0 德城区
371421 372421 372402 0 陵县
371422 372431 0 0 宁津县
371423 372432 0 0 庆云县
371424 372428 0 0 临邑县
371425 372425 0 0 齐河县
371426 372422 0 0 平原县
371427 372423 0 0 夏津县
371428 372424 0 0 武城县
371481 372427 0 0 乐陵市
371482 372426 372403 0 禹城市
371500 372500 372501 0 聊城市
371501 0 0 0 市辖区
371502 372502 0 0 东昌府区
371521 372522 372521 0 阳谷县
371522 372523 0 0 莘县
371523 372524 0 0 茌平县
371524 372525 0 0 东阿县
371525 372526 0 0 冠县
371526 372527 0 0 高唐县
371581 372528 372581 0 临清市
371600 372300 0 0 滨州市
371601 0 0 0 市辖区
371602 372301 372322 0 滨城区
371621 372321 0 0 惠民县
371622 372323 0 0 阳信县
371623 372324 0 0 无棣县
371624 372325 0 0 沾化县
371625 372328 0 0 博兴县
371626 372330 0 0 邹平县
371700 372900 372901 372921 菏泽市
371701 0 0 0 市辖区
371702 0 0 0 牡丹区
371721 372922 0 0 曹县
371722 372925 0 0 单县
371723 372924 0 0 成武县
371724 372926 0 0 巨野县
371725 372928 0 0 郓城县
371726 372929 0 0 鄄城县
371727 372923 0 0 定陶县
371728 372930 0 0 东明县
410000 0 0 0 河南省
410100 412426 0 0 郑州市 410111|河南省郑州市金海区;410112|河南省郑州市郊区
410101 410120 0 0 市辖区
410102 0 0 0 中原区
410103 0 0 0 二七区
410104 0 0 0 管城回族区
410105 0 0 0 金水区
410106 0 0 0 上街区
410108 0 0 0 惠济区
410122 412425 0 0 中牟县
410181 410124 412427 0 巩义市
410182 410121 0 0 荥阳市
410183 410107 410126 412429 新密市
410184 410123 0 0 新郑市
410185 410125 412428 0 登封市
410200 412400 0 0 开封市
410201 0 0 0 市辖区
410202 0 0 0 龙亭区
410203 0 0 0 顺河回族区
410204 0 0 0 鼓楼区
410205 412622 419004 0 禹王台区
410211 0 0 0 金明区
410221 412421 0 0 杞县
410222 412422 0 0 通许县
410223 412423 0 0 尉氏县
410224 412424 0 0 开封县
410225 412430 0 0 兰考县
410300 0 0 0 洛阳市
410301 0 0 0 市辖区
410302 0 0 0 老城区
410303 0 0 0 西工区
410304 0 0 0 瀍河回族区
410305 0 0 0 涧西区
410306 0 0 0 吉利区
410311 410307 0 0 洛龙区
410322 412522 0 0 孟津县
410323 412523 0 0 新安县
410324 412532 0 0 栾川县
410325 412529 0 0 嵩县
410326 412528 419002 0 汝阳县
410327 412534 0 0 宜阳县
410328 412530 0 0 洛宁县
410329 412527 0 0 伊川县
410381 410321 412521 0 偃师市
410400 0 0 0 平顶山市
410401 0 0 0 市辖区
410402 0 0 0 新华区
410403 0 0 0 卫东区
410404 0 0 0 石龙区
410411 0 0 0 湛河区
410421 412628 0 0 宝丰县
410422 412630 0 0 叶县
410423 412631 0 0 鲁山县
410425 412625 0 0 郏县
410481 410412 0 0 舞钢市
410482 410424 412533 0 汝州市
410500 0 0 0 安阳市 410504|河南省安阳市铁西区;410511|河南省安阳市郊区
410501 0 0 0 市辖区
410502 0 0 0 文峰区
410503 0 0 0 北关区
410505 0 0 0 殷都区
410506 0 0 0 龙安区
410522 412122 0 0 安阳县
410523 412123 0 0 汤阴县
410526 412127 410921 0 滑县
410527 412130 410924 0 内黄县
410581 410521 0 0 林州市
410600 0 0 0 鹤壁市
410601 0 0 0 市辖区
410602 0 0 0 鹤山区
410603 0 0 0 山城区
410611 410524 0 0 淇滨区
410621 412124 410525 0 浚县
410622 412125 0 0 淇县
410700 0 0 0 新乡市 410722|河南省新乡市汲县
410701 0 0 0 市辖区
410702 0 0 0 红旗区
410703 0 0 0 卫滨区
410704 0 0 0 凤泉区
410711 0 0 0 牧野区
410721 412229 0 0 新乡县
410724 412228 0 0 获嘉县
410725 412232 0 0 原阳县
410726 412233 0 0 延津县
410727 412234 0 0 封丘县
410728 412131 410925 0 长垣县
410781 410723 419005 419006 卫辉市
410782 0 0 0 辉县市
410800 0 0 0 焦作市
410801 0 0 0 市辖区
410802 0 0 0 解放区
410803 0 0 0 中站区
410804 0 0 0 马村区
410811 0 0 0 山阳区
410821 412227 0 0 修武县
410822 412222 0 0 博爱县
410823 412226 0 0 武陟县
410825 412225 0 0 温县
410882 410824 0 0 沁阳市
410883 410826 0 0 孟州市
410900 0 0 0 濮阳市
410901 0 0 0 市辖区
410902 0 0 0 华龙区
410922 412128 0 0 清丰县
410923 412129 0 0 南乐县
410926 412132 0 0 范县
410927 412133 0 0 台前县
410928 412126 0 0 濮阳县
411000 412601 0 0 许昌市
411001 0 0 0 市辖区
411002 0 0 0 魏都区
411023 412624 0 0 许昌县
411024 412623 0 0 鄢陵县
411025 412627 410426 0 襄城县
411081 411021 0 0 禹州市
411082 411022 412621 0 长葛市
411100 412602 0 0 漯河市
411101 0 0 0 市辖区
411102 0 0 0 源汇区
411103 411123 412629 0 郾城区
411104 0 0 0 召陵区
411121 412632 0 0 舞阳县
411122 412626 0 0 临颍县
411200 412501 412500 0 三门峡市
411201 0 0 0 市辖区
411202 0 0 0 湖滨区
411221 412524 0 0 渑池县
411222 412525 0 0 陕县
411224 412531 0 0 卢氏县
411281 412502 0 0 义马市
411282 411223 412526 0 灵宝市
411300 412901 412900 412924 南阳市 412933|河南省南阳市规划控制区
411301 0 0 0 市辖区
411302 412903 0 0 宛城区
411303 0 0 0 卧龙区
411321 412921 0 0 南召县
411322 412922 0 0 方城县
411323 412923 0 0 西峡县
411324 412925 0 0 镇平县
411325 412926 0 0 内乡县
411326 412927 0 0 淅川县
411327 412928 0 0 社旗县
411328 412929 0 0 唐河县
411329 412931 0 0 新野县
411330 412932 0 0 桐柏县
411381 412902 412930 0 邓州市
411400 412301 412300 412322 商丘市
411401 0 0 0 市辖区
411402 0 0 0 梁园区
411403 0 0 0 睢阳区
411421 412323 0 0 民权县
411422 412325 0 0 睢县
411423 412324 0 0 宁陵县
411424 412327 0 0 柘城县
411425 412321 0 0 虞城县
411426 412326 0 0 夏邑县
411481 412302 412328 0 永城市
411500 413001 413000 0 信阳市
411501 0 0 0 市辖区
411502 0 0 0 浉河区
411503 413023 0 0 平桥区
411521 413028 0 0 罗山县
411522 413025 0 0 光山县
411523 413029 0 0 新县
411524 413027 0 0 商城县
411525 413026 0 0 固始县
411526 413024 0 0 潢川县
411527 413022 0 0 淮滨县
411528 413021 0 0 息县
411600 412701 412700 0 周口市
411601 0 0 0 市辖区
411602 0 0 0 川汇区
411621 412721 0 0 扶沟县
411622 412722 0 0 西华县
411623 412723 0 0 商水县
411624 412728 0 0 沈丘县
411625 412726 0 0 郸城县
411626 412727 0 0 淮阳县
411627 412724 0 0 太康县
411628 412725 0 0 鹿邑县
411681 412702 0 0 项城市
411700 412801 412800 0 驻马店市
411701 0 0 0 市辖区
411702 0 0 0 驿城区
411721 412824 0 0 西平县
411722 412825 0 0 上蔡县
411723 412827 0 0 平舆县
411724 412829 0 0 正阳县
411725 412821 0 0 确山县
411726 412822 0 0 泌阳县
411727 412826 0 0 汝南县
411728 412823 0 0 遂平县
411729 412828 0 0 新蔡县
419000 0 0 0 省直辖县级行政区划
419001 410827 410881 419003 济源市
420000 0 0 0 湖北省 422900|湖北省省直辖行政单位
420100 0 0 0 武汉市 420109|湖北省武汉市东湖管理分局
420101 0 0 0 市辖区
420102 0 0 0 江岸区
420103 0 0 0 江汉区
420104 0 0 0 硚口区
420105 0 0 0 汉阳区
420106 0 0 0 武昌区
420107 0 0 0 青山区
420111 0 0 0 洪山区
420112 0 0 0 东西湖区
420113 0 0 0 汉南区
420114 420121 0 0 蔡甸区
420115 420122 0 0 江夏区
420116 420123 422222 0 黄陂区
420117 420124 422122 0 新洲区
420200 0 0 0 黄石市
420201 420220 0 0 市辖区
420202 0 0 0 黄石港区
420203 0 0 0 西塞山区
420204 0 0 0 下陆区
420205 0 0 0 铁山区
420222 422327 0 0 阳新县
420281 420221 0 0 大冶市
420300 0 0 0 十堰市
420301 0 0 0 市辖区
420302 0 0 0 茅箭区
420303 0 0 0 张湾区
420321 422622 422600 0 郧县
420322 422623 0 0 郧西县
420323 422624 0 0 竹山县
420324 422625 0 0 竹溪县
420325 422626 0 0 房县
420381 422601 0 0 丹江口市
420500 420521 422700 422721 宜昌市 422701|湖北省宜昌地区枝城市
420501 0 0 0 市辖区
420502 0 0 0 西陵区
420503 0 0 0 伍家岗区
420504 0 0 0 点军区
420505 0 0 0 猇亭区
420506 0 0 0 夷陵区
420525 422725 0 0 远安县
420526 422726 0 0 兴山县
420527 422727 0 0 秭归县
420528 422728 0 0 长阳土家族自治县
420529 422729 0 0 五峰土家族自治县
420581 422722 0 0 宜都市
420582 422702 422724 0 当阳市
420583 420523 422723 0 枝江市
420600 0 0 0 襄樊市 420603|湖北省襄樊市樊东区;420604|湖北省襄樊市樊西区;420605|湖北省襄樊市郊区
420601 0 0 0 市辖区
420602 0 0 0 襄城区
420606 0 0 0 樊城区
420607 420621 422521 0 襄阳区
420624 422525 0 0 南漳县
420625 422527 0 0 谷城县
420626 422528 0 0 保康县
420682 422502 420620 0 老河口市
420683 420622 422522 429003 枣阳市
420684 420623 422524 0 宜城市
420700 422101 422131 0 鄂州市
420701 0 0 0 市辖区
420702 0 0 0 梁子湖区
420703 0 0 0 华容区
420704 0 0 0 鄂城区
420800 422401 422400 422430 荆门市 422427|湖北省荆州地区沔阳县
420801 0 0 0 市辖区
420802 0 0 0 东宝区
420804 0 0 0 掇刀区
420821 422432 0 0 京山县
420822 420400 420803 423022 沙洋县
420881 422406 422431 0 钟祥市
420900 422200 422201 422221 孝感市 422224|湖北省孝感地区应山县
420901 0 0 0 市辖区
420902 0 0 0 孝南区
420921 0 0 0 孝昌县
420922 422223 0 0 大悟县
420923 422226 0 0 云梦县
420981 422202 422227 0 应城市
420982 422203 422225 0 安陆市
420984 422228 0 0 汉川市
421000 0 0 0 荆州市
421001 0 0 0 市辖区
421002 0 0 0 沙市区
421003 0 0 0 荆州区
421022 422423 0 0 公安县
421023 422425 0 0 监利县
421024 422421 421004 0 江陵县
421081 422402 422424 0 石首市
421083 422403 422426 0 洪湖市
421087 421021 422422 0 松滋市
421100 422100 0 0 黄冈市 421103|湖北省黄冈市龙感湖管理区;422129|湖北省黄冈地区广济县
421101 0 0 0 市辖区
421102 422103 422121 0 黄州区
421121 0 0 0 团风县
421122 422123 0 0 红安县
421123 422125 0 0 罗田县
421124 422126 0 0 英山县
421125 422127 0 0 浠水县
421126 422128 0 0 蕲春县
421127 422130 0 0 黄梅县
421181 422124 0 0 麻城市
421182 422102 0 0 武穴市
421200 422300 422301 422321 咸宁市 422323|湖北省咸宁地区蒲圻县
421201 0 0 0 市辖区
421202 0 0 0 咸安区
421221 422322 0 0 嘉鱼县
421222 422324 0 0 通城县
421223 422325 0 0 崇阳县
421224 422326 0 0 通山县
421281 422302 0 0 赤壁市
421300 422501 420619 420681 随州市 422500|湖北省随州地区;429001|湖北省省直辖行政单位随州市
421301 0 0 0 市辖区
421303 421302 0 0 曾都区
421321 422523 0 0 随县
421381 420983 422204 0 广水市
422800 0 0 0 恩施土家族苗族自治州
422801 0 0 0 恩施市
422802 0 0 0 利川市
422822 0 0 0 建始县
422823 0 0 0 巴东县
422825 0 0 0 宣恩县
422826 0 0 0 咸丰县
422827 0 0 0 来凤县
422828 0 0 0 鹤峰县
429000 0 0 0 省直辖县级行政区划
429004 0 0 0 仙桃市
429005 422405 422429 0 潜江市
429006 422404 422428 0 天门市
429021 422627 422921 0 神农架林区
430000 0 0 0 湖南省
430100 0 0 0 长沙市
430101 430120 0 0 市辖区
430102 0 0 0 芙蓉区
430103 0 0 0 天心区
430104 0 0 0 岳麓区
430105 0 0 0 开福区
430111 0 0 0 雨花区
430121 0 0 0 长沙县
430122 0 0 0 望城县
430124 432324 0 0 宁乡县
430181 430123 432124 0 浏阳市
430200 0 0 0 株洲市
430201 430220 0 0 市辖区
430202 0 0 0 荷塘区
430203 0 0 0 芦淞区
430204 0 0 0 石峰区
430211 0 0 0 天元区
430221 0 0 0 株洲县
430223 432125 0 0 攸县
430224 432126 0 0 茶陵县
430225 0 0 0 炎陵县
430281 430219 430222 432123 醴陵市 439001|湖南省醴陵市
430300 430400 432100 0 湘潭市 430303|湖南省湘潭市湘江区;430305|湖南省湘潭市板塘区;430311|湖南省湘潭市郊区;430402|湖南省衡阳市江东区;430404|湖南省衡阳市城北区;430411|湖南省衡阳市郊区;432127|湖南省湘潭地区酃县
430301 0 0 0 市辖区
430302 0 0 0 雨湖区
430304 0 0 0 岳塘区
430321 432121 0 0 湘潭县
430381 430322 432122 439002 湘乡市
430382 430306 430312 0 韶山市
430400 430500 432700 0 衡阳市
430401 0 0 0 市辖区
430405 0 0 0 珠晖区
430406 0 0 0 雁峰区
430407 0 0 0 石鼓区
430408 0 0 0 蒸湘区
430412 0 0 0 南岳区
430421 432721 0 0 衡阳县
430422 432722 0 0 衡南县
430423 432723 0 0 衡山县
430424 432724 0 0 衡东县
430426 432726 0 0 祁东县
430481 430419 430427 432830 耒阳市 439003|湖南省耒阳市
430482 430425 432725 0 常宁市
430500 430300 432600 0 邵阳市
430501 0 0 0 市辖区
430502 0 0 0 双清区
430503 0 0 0 大祥区
430511 0 0 0 北塔区
430521 432523 0 0 邵东县
430522 432525 0 0 新邵县
430523 432621 0 0 邵阳县
430524 432622 0 0 隆回县
430525 432624 0 0 洞口县
430527 432626 0 0 绥宁县
430528 432625 0 0 新宁县
430529 432627 0 0 城步苗族自治县
430581 430526 432623 0 武冈市
430600 432201 432200 0 岳阳市
430601 0 0 0 市辖区
430602 0 0 0 岳阳楼区
430603 0 0 0 云溪区
430611 0 0 0 君山区
430621 0 0 0 岳阳县
430623 432226 0 0 华容县
430624 432223 0 0 湘阴县
430626 432222 0 0 平江县
430681 430625 432224 439004 汨罗市
430682 432225 430622 0 临湘市
430700 432401 432400 432421 常德市
430701 0 0 0 市辖区
430702 0 0 0 武陵区
430703 0 0 0 鼎城区
430721 432422 0 0 安乡县
430722 432423 0 0 汉寿县
430723 432424 0 0 澧县
430724 432425 0 0 临澧县
430725 432426 0 0 桃源县
430726 432427 0 0 石门县
430781 432402 439005 0 津市市
430800 0 0 0 张家界市
430801 0 0 0 市辖区
430802 0 0 0 永定区
430811 0 0 0 武陵源区
430821 432428 0 0 慈利县
430822 433129 0 0 桑植县
430900 432300 432301 432321 益阳市
430901 430911 0 0 市辖区
430902 0 0 0 资阳区
430903 0 0 0 赫山区
430921 432322 430403 0 南县
430922 432325 0 0 桃江县
430923 432326 0 0 安化县
430981 432302 432323 0 沅江市
431000 432801 432800 432821 郴州市
431001 0 0 0 市辖区
431002 0 0 0 北湖区
431003 0 0 0 苏仙区
431021 432822 0 0 桂阳县
431022 432824 0 0 宜章县
431023 432823 0 0 永兴县
431024 432826 0 0 嘉禾县
431025 432827 0 0 临武县
431026 432828 0 0 汝城县
431027 432829 0 0 桂东县
431028 432831 0 0 安仁县
431081 432802 432825 0 资兴市
431100 432901 0 0 永州市
431101 0 0 0 市辖区
431102 432900 432921 0 零陵区
431103 432902 0 0 冷水滩区
431121 432727 0 0 祁阳县
431122 432922 0 0 东安县
431123 432930 432929 0 双牌县
431124 432923 0 0 道县
431125 432925 0 0 江永县
431126 432924 0 0 宁远县
431127 432927 0 0 蓝山县
431128 432928 0 0 新田县
431129 432926 0 0 江华瑶族自治县
431200 433000 433001 433028 怀化市 433021|湖南省怀化地区黔阳县
431201 0 0 0 市辖区
431202 0 0 0 鹤城区
431221 0 0 0 中方县
431222 433022 0 0 沅陵县
431223 433023 0 0 辰溪县
431224 433024 0 0 溆浦县
431225 433029 0 0 会同县
431226 433025 0 0 麻阳苗族自治县
431227 433026 0 0 新晃侗族自治县
431228 433027 0 0 芷江侗族自治县
431229 433030 0 0 靖州苗族侗族自治县
431230 433031 0 0 通道侗族自治县
431281 433002 0 0 洪江市
431300 432501 432500 0 娄底市
431301 0 0 0 市辖区
431302 0 0 0 娄星区
431321 432522 0 0 双峰县
431322 432524 0 0 新化县
431381 432502 0 0 冷水江市
431382 432503 432521 0 涟源市
433100 0 0 0 湘西土家族苗族自治州 433128|湖南省湘西土家族苗族自治州大庸县
433101 433121 0 0 吉首市
433122 0 0 0 泸溪县
433123 0 0 0 凤凰县
433124 0 0 0 花垣县
433125 0 0 0 保靖县
433126 0 0 0 古丈县
433127 0 0 0 永顺县
433130 0 0 0 龙山县
440000 0 0 0 广东省
440100 0 0 0 广州市 440102|广东省广州市东山区;440107|广东省广州市芳村区
440101 440120 0 0 市辖区
440103 0 0 0 荔湾区
440104 0 0 0 越秀区
440105 0 0 0 海珠区
440106 0 0 0 天河区
440111 0 0 0 白云区
440112 0 0 0 黄埔区
440113 440126 440181 0 番禺区
440114 440121 440182 0 花都区
440115 0 0 0 南沙区
440116 0 0 0 萝岗区
440183 440125 440702 0 增城市
440184 440122 442927 0 从化市
440200 0 0 0 韶关市 440202|广东省韶关市北江区
440201 0 0 0 市辖区
440203 0 0 0 武江区
440204 0 0 0 浈江区
440205 440221 0 0 曲江区
440222 442621 0 0 始兴县
440224 442623 0 0 仁化县
440229 442630 0 0 翁源县
440232 442633 0 0 乳源瑶族自治县
440233 440133 440123 0 新丰县
440281 440225 442624 0 乐昌市
440282 442622 440223 0 南雄市
440300 0 0 0 深圳市
440301 440320 0 0 市辖区
440303 0 0 0 罗湖区
440304 0 0 0 福田区
440305 0 0 0 南山区
440306 440321 0 0 宝安区
440307 0 0 0 龙岗区
440308 440302 0 0 盐田区
440400 0 0 0 珠海市
440401 0 0 0 市辖区
440402 0 0 0 香洲区
440403 440421 442725 0 斗门区
440404 0 0 0 金湾区
440500 442301 0 0 汕头市 440502|广东省汕头市同平区;440503|广东省汕头市安平区;440504|广东省汕头市公园区;440505|广东省汕头市金砂区;440506|广东省汕头市达濠区;440508|广东省汕头市金园区;440509|广东省汕头市升平区;440510|广东省汕头市河浦区
440501 0 0 0 市辖区
440507 0 0 0 龙湖区
440511 0 0 0 金平区
440512 0 0 0 濠江区
440513 440520 440524 440581 潮阳区 440582|广东省汕头市潮阳市
440514 0 0 0 潮南区
440515 440521 440583 0 澄海区
440523 442324 0 0 南澳县
440600 442701 442700 0 佛山市 440603|广东省佛山市石湾区
440601 0 0 0 市辖区
440604 440602 0 0 禅城区
440605 440622 440682 442722 南海区
440606 440623 440681 442723 顺德区
440607 440621 440683 442721 三水区
440608 440624 440684 442732 高明区 442924|广东省湛江市高州县
440700 442702 0 0 江门市 440711|广东省江门市郊区
440701 0 0 0 市辖区
440703 0 0 0 蓬江区
440704 0 0 0 江海区
440705 440721 440782 442726 新会区
440781 440722 442727 0 台山市
440783 440724 442729 0 开平市
440784 440725 442731 0 鹤山市
440785 440723 442728 0 恩平市
440800 442901 442900 0 湛江市 440824|广东省湛江市海康县;442930|广东省湛江市海康县
440801 0 0 0 市辖区
440802 0 0 0 赤坎区
440803 0 0 0 霞山区
440804 0 0 0 坡头区
440811 0 0 0 麻章区
440823 442929 0 0 遂溪县
440825 442931 0 0 徐闻县
440881 440822 442928 0 廉江市
440882 0 0 0 雷州市
440883 440821 442926 0 吴川市
440900 442902 0 0 茂名市
440901 0 0 0 市辖区
440902 0 0 0 茂南区
440903 0 0 0 茂港区
440923 442925 0 0 电白县
440981 440922 442821 0 高州市
440982 440924 0 0 化州市
440983 440921 442923 0 信宜市
441200 442801 0 0 肇庆市
441201 0 0 0 市辖区
441202 0 0 0 端州区
441203 0 0 0 鼎湖区
441223 442823 0 0 广宁县
441224 442824 0 0 怀集县
441225 442825 0 0 封开县
441226 442826 0 0 德庆县
441283 441221 0 0 高要市
441284 441222 442822 0 四会市
441300 442501 440528 442521 惠州市
441301 0 0 0 市辖区
441302 0 0 0 惠城区
441303 441321 441381 0 惠阳区
441322 442526 0 0 博罗县
441323 442528 0 0 惠东县
441324 440124 0 0 龙门县
441400 442401 0 0 梅州市
441401 0 0 0 市辖区
441402 0 0 0 梅江区
441421 442400 0 0 梅县
441422 442422 0 0 大埔县
441423 442423 0 0 丰顺县
441424 442424 0 0 五华县
441426 442426 0 0 平远县
441427 442427 0 0 蕉岭县
441481 441425 0 0 兴宁市
441500 0 0 0 汕尾市
441501 0 0 0 市辖区
441502 0 0 0 城区
441521 442331 442531 0 海丰县
441523 0 0 0 陆河县
441581 441522 442530 0 陆丰市
441600 442525 0 0 河源市 441611|广东省河源市郊区
441601 0 0 0 市辖区
441602 0 0 0 源城区
441621 442522 0 0 紫金县
441622 442529 0 0 龙川县
441623 442524 440226 0 连平县
441624 442523 0 0 和平县
441625 0 0 0 东源县
441700 440726 442921 0 阳江市
441701 0 0 0 市辖区
441702 0 0 0 江城区
441721 0 0 0 阳西县
441723 441703 0 0 阳东县
441781 440727 441722 442922 阳春市
441800 440127 442628 0 清远市 441811|广东省清远市清郊区
441801 0 0 0 市辖区
441802 0 0 0 清城区
441821 442629 440128 0 佛冈县
441823 442626 440227 0 阳山县
441825 442631 440230 441824 连山壮族瑶族自治县
441826 442632 440231 0 连南瑶族自治县
441827 0 0 0 清新县
441881 440228 441822 0 英德市
441882 0 0 0 连州市
441900 442502 442527 0 东莞市
442000 440620 442724 0 中山市
445100 442302 0 0 潮州市
445101 0 0 0 市辖区
445102 0 0 0 湘桥区
445121 442321 0 0 潮安县
445122 442323 440522 0 饶平县
445200 440525 0 0 揭阳市
445201 0 0 0 市辖区
445202 0 0 0 榕城区
445221 0 0 0 揭东县
445222 442327 440526 0 揭西县
445224 442329 0 0 惠来县
445281 440527 0 0 普宁市
445300 441227 441281 442827 云浮市
445301 0 0 0 市辖区
445302 0 0 0 云城区
445321 442828 441228 0 新兴县
445322 442829 441229 0 郁南县
445323 0 0 0 云安县
445381 441230 441282 442830 罗定市
450000 0 0 0 广西壮族自治区
450100 452100 0 0 南宁市 450104|广西壮族自治区南宁市城北区;450106|广西壮族自治区南宁市永新区;450111|广西壮族自治区南宁市郊区
450101 0 0 0 市辖区
450102 0 0 0 兴宁区
450103 0 0 0 青秀区
450105 0 0 0 江南区
450107 0 0 0 西乡塘区
450108 0 0 0 良庆区
450109 450121 0 0 邕宁区
450122 450125 0 0 武鸣县
450123 452126 0 0 隆安县
450124 452127 0 0 马山县
450125 452124 0 0 上林县
450126 452123 0 0 宾阳县
450127 452122 0 0 横县
450200 452200 0 0 柳州市 450211|广西壮族自治区柳州市市郊区
450201 0 0 0 市辖区
450202 0 0 0 城中区
450203 0 0 0 鱼峰区
450204 0 0 0 柳南区
450205 0 0 0 柳北区
450221 452221 0 0 柳江县
450222 452222 0 0 柳城县
450223 452223 0 0 鹿寨县
450224 452227 0 0 融安县
450225 452229 0 0 融水苗族自治县
450226 452228 0 0 三江侗族自治县
450300 452300 0 0 桂林市
450301 0 0 0 市辖区
450302 0 0 0 秀峰区
450303 0 0 0 叠彩区
450304 0 0 0 象山区
450305 0 0 0 七星区
450311 0 0 0 雁山区
450321 0 0 0 阳朔县
450322 452321 0 0 临桂县
450323 452322 0 0 灵川县
450324 452323 0 0 全州县
450325 452324 0 0 兴安县
450326 452325 0 0 永福县
450327 452327 0 0 灌阳县
450328 452328 0 0 龙胜各族自治县
450329 452329 0 0 资源县
450330 452330 0 0 平乐县
450331 452331 0 0 荔蒲县
450332 452332 0 0 恭城瑶族自治县
450400 0 0 0 梧州市 450402|广西壮族自治区梧州市白云区;450411|广西壮族自治区梧州市市郊区
450401 0 0 0 市辖区
450403 0 0 0 万秀区
450404 0 0 0 蝶山区
450405 0 0 0 长洲区
450421 452422 0 0 苍梧县
450422 452423 0 0 藤县
450423 452425 0 0 蒙山县
450481 452401 452421 0 岑溪市
450500 450801 452801 0 北海市
450501 0 0 0 市辖区
450502 0 0 0 海城区
450503 0 0 0 银海区
450512 0 0 0 铁山港区
450521 452825 0 0 合浦县
450600 452822 0 0 防城港市
450601 0 0 0 市辖区
450602 0 0 0 港口区
450603 0 0 0 防城区
450621 452821 0 0 上思县
450681 0 0 0 东兴市
450700 452800 0 0 钦州市
450701 0 0 0 市辖区
450702 452802 452823 0 钦南区
450703 0 0 0 钦北区
450721 452824 0 0 灵山县
450722 452826 0 0 浦北县
450800 452502 452522 0 贵港市
450801 0 0 0 市辖区
450802 0 0 0 港北区
450803 0 0 0 港南区
450804 0 0 0 覃塘区
450821 452524 0 0 平南县
450881 452504 452523 0 桂平市
450900 452500 0 0 玉林市
450901 0 0 0 市辖区
450902 452501 452521 0 玉州区
450921 452525 0 0 容县
450922 452527 0 0 陆川县
450923 452528 0 0 博白县
450924 0 0 0 兴业县
450981 452503 452526 0 北流市
451000 452600 452601 452621 百色市
451001 0 0 0 市辖区
451002 0 0 0 右江区
451021 452622 0 0 田阳县
451022 452623 0 0 田东县
451023 452624 0 0 平果县
451024 452625 0 0 德保县
451025 452626 0 0 靖西县
451026 452627 0 0 那坡县
451027 452628 0 0 凌云县
451028 452629 0 0 乐业县
451029 452630 0 0 田林县
451030 452632 0 0 西林县
451031 452631 0 0 隆林各族自治县
451100 452400 452402 452426 贺州市
451101 0 0 0 市辖区
451102 0 0 0 八步区
451121 452424 0 0 昭平县
451122 452427 0 0 钟山县
451123 452428 0 0 富川瑶族自治县
451200 452700 452701 452721 河池市
451201 0 0 0 市辖区
451202 0 0 0 金城江区
451221 452725 0 0 南丹县
451222 452726 0 0 天峨县
451223 452727 0 0 凤山县
451224 452728 0 0 东兰县
451225 452723 0 0 罗城仫佬族自治县
451226 452724 0 0 环江毛南族自治县
451227 452729 0 0 巴马瑶族自治县
451228 452730 0 0 都安瑶族自治县
451229 452731 0 0 大化瑶族自治县
451281 452702 452722 0 宜州市
451300 452226 0 0 来宾市
451301 0 0 0 市辖区
451302 0 0 0 兴宾区
451321 452231 0 0 忻城县
451322 452224 0 0 象州县
451323 452225 0 0 武宣县
451324 452230 0 0 金秀瑶族自治县
451381 452201 0 0 合山市
451400 452129 0 0 崇左市
451401 0 0 0 市辖区
451402 0 0 0 江洲区
451421 452128 0 0 扶绥县
451422 452132 0 0 宁明县
451423 452133 0 0 龙州县
451424 452130 0 0 大新县
451425 452131 0 0 天等县
451481 452101 0 0 凭祥市
460000 0 0 0 海南省 460001|通什市
460100 442101 0 0 海口市 460102|海南省海口市振东区;460103|海南省海口市新华区
460101 0 0 0 市辖区
460105 460104 0 0 秀英区
460106 0 0 0 龙华区
460107 460004 460021 0 琼山区
460108 0 0 0 美兰区
460200 0 0 0 三亚市
460201 0 0 0 市辖区
469000 0 0 0 省直辖县级行政区划
469001 0 0 0 五指山市
469002 460002 460023 0 琼海市
469003 460003 460029 0 儋州市
469005 460005 460022 0 文昌市
469006 460006 460024 0 万宁市
469007 460007 460032 0 东方市
469021 442125 460025 0 定安县
469022 442126 460026 0 屯昌县
469023 442127 460027 0 澄迈县
469024 442128 460028 0 临高县
469025 460030 0 0 白沙黎族自治县
469026 460031 0 0 昌江黎族自治县
469027 460033 0 0 乐东黎族自治县
469028 460034 469034 0 陵水黎族自治县
469029 460035 469035 0 保亭黎族苗族自治县
469030 460036 469036 0 琼中黎族苗族自治县
469031 460037 469037 0 西沙群岛
469032 460038 469038 0 南沙群岛
469033 460039 469039 0 中沙群岛的岛礁及其海域
500000 510200 0 0 重庆市
500100 500300 510201 510220 市辖区
500101 500216 510216 0 万州区
500102 512300 512301 512321 涪陵区
500103 500201 0 0 渝中区
500104 510203 0 0 大渡口区
500105 500211 510211 510224 江北区
500106 500212 510212 0 沙坪坝区
500107 500213 510213 0 九龙坡区
500108 500214 510214 0 南岸区
500109 500215 510215 510231 北碚区
500110 0 0 0 万盛区
500111 500217 510217 0 双桥区
500112 510218 0 0 渝北区
500113 510219 510222 0 巴南区
500114 500239 512328 513500 黔江区 513523|四川省黔江地区黔江土家族苗族自治县
500115 500221 510221 0 长寿区
500116 500381 510225 510282 江津区
500117 500382 510226 510283 合川区
500118 500383 510229 510281 永川区
500119 500384 512302 512323 南川区
500200 110200 0 0 县
500222 510223 0 0 綦江县
500223 512123 510227 0 潼南县
500224 512124 510228 0 铜梁县
500225 512126 510230 0 大足县
500226 512127 0 0 荣昌县
500227 512128 510232 0 璧山县
500228 512224 511223 0 梁平县
500229 512229 511228 0 城口县
500230 512324 0 0 丰都县
500231 512322 0 0 垫江县
500232 512326 0 0 武隆县
500233 512223 511222 0 忠县
500234 512222 0 0 开县
500235 512225 511224 0 云阳县
500236 512226 511225 0 奉节县
500237 512227 511226 0 巫山县
500238 512228 511227 0 巫溪县
500240 512325 513521 0 石柱土家族自治县
500241 512330 513522 0 秀山土家族苗族自治县
500242 512329 513524 0 酉阳土家族苗族自治县
500243 0 0 0 彭水苗族土家族自治县
510000 0 0 0 四川省
510100 0 0 0 成都市 510127|四川省成都市灌县
510101 510120 511201 0 市辖区
510104 0 0 0 锦江区
510105 0 0 0 青羊区
510106 510111 0 0 金牛区
510107 0 0 0 武侯区
510108 0 0 0 成华区
510112 0 0 0 龙泉驿区
510113 0 0 0 青白江区
510114 510125 0 0 新都区
510115 510123 0 0 温江区
510121 0 0 0 金堂县
510122 0 0 0 双流县
510124 512722 0 0 郫县
510129 512729 0 0 大邑县
510131 512731 0 0 蒲江县
510132 512732 0 0 新津县
510181 519003 0 0 都江堰市
510182 510126 511128 512327 彭州市
510183 510130 0 0 邛崃市
510184 510128 0 0 崇州市
510300 0 0 0 自贡市
510301 0 0 0 市辖区
510302 0 0 0 自流井区
510303 0 0 0 贡井区
510304 0 0 0 大安区
510311 0 0 0 沿滩区
510321 0 0 0 荣县
510322 512522 0 0 富顺县
510400 0 0 0 攀枝花市
510401 0 0 0 市辖区
510402 510102 0 0 东区
510403 510103 0 0 西区
510411 0 0 0 仁和区
510421 0 0 0 米易县
510422 0 0 0 盐边县
510500 512502 0 0 泸州市
510501 0 0 0 市辖区
510502 0 0 0 江阳区
510503 512524 510523 0 纳溪区
510504 0 0 0 龙马潭区
510521 512521 0 0 泸县
510522 512523 0 0 合江县
510524 512525 0 0 叙永县
510525 512526 0 0 古蔺县
510600 0 0 0 德阳市
510601 0 0 0 市辖区
510603 0 0 0 旌阳区
510623 512834 0 0 中江县
510626 0 0 0 罗江县
510681 510624 519001 0 广汉市
510682 510625 0 0 什邡市
510683 510622 0 0 绵竹市
510700 512801 0 0 绵阳市
510701 0 0 0 市辖区
510703 0 0 0 涪城区
510704 0 0 0 游仙区
510722 512833 0 0 三台县
510723 512837 0 0 盐亭县
510724 512823 511023 0 安县
510725 512825 0 0 梓潼县
510726 0 0 0 北川羌族自治县
510727 512830 0 0 平武县
510781 510721 519002 0 江油市
510800 0 0 0 广元市
510801 0 0 0 市辖区
510802 0 0 0 利州区
510811 0 0 0 元坝区
510812 0 0 0 朝天区
510821 512828 0 0 旺苍县
510822 512829 0 0 青川县
510823 512826 0 0 剑阁县
510824 512931 0 0 苍溪县
510900 0 0 0 遂宁市
510901 0 0 0 市辖区
510903 0 0 0 船山区
510904 0 0 0 安居区
510921 512835 0 0 蓬溪县
510922 512836 0 0 射洪县
510923 0 0 0 大英县
511000 512401 511021 0 内江市
511001 0 0 0 市辖区
511002 510202 510602 510702 市中区 510902|四川省遂宁市市中区
511011 0 0 0 东兴区
511024 512425 0 0 威远县
511025 512422 0 0 资中县
511028 512426 0 0 隆昌县
511100 512601 0 0 乐山市
511101 0 0 0 市辖区
511102 0 0 0 市中区
511111 0 0 0 沙湾区
511112 0 0 0 五通桥区
511113 0 0 0 金口河区
511123 512623 0 0 犍为县
511124 512624 0 0 井研县
511126 512626 0 0 夹江县
511129 512629 0 0 沐川县
511132 0 0 0 峨边彝族自治县
511133 0 0 0 马边彝族自治县
511181 511122 511125 0 峨眉山市
511300 512901 512900 512921 南充市 512932|四川省南充地区华云工农区
511301 0 0 0 市辖区
511302 0 0 0 顺庆区
511303 0 0 0 高坪区
511304 0 0 0 嘉陵区
511321 512922 0 0 南部县
511322 512924 0 0 营山县
511323 512926 0 0 蓬安县
511324 512927 0 0 仪陇县
511325 512929 0 0 西充县
511381 512903 512930 0 阆中市
511400 513800 513821 519004 眉山市
511401 0 0 0 市辖区
511402 0 0 0 东坡区
511421 512621 511121 513822 仁寿县
511422 512628 513823 0 彭山县
511423 512627 511127 513824 洪雅县
511424 512631 511131 513825 丹棱县
511425 512630 511130 513826 青神县
511500 512501 512500 0 宜宾市
511501 0 0 0 市辖区
511502 0 0 0 翠屏区
511521 512527 0 0 宜宾县
511522 512528 0 0 南溪县
511523 512529 0 0 江安县
511524 512530 0 0 长宁县
511525 512531 0 0 高县
511526 512533 0 0 珙县
511527 512532 0 0 筠连县
511528 512534 0 0 兴文县
511529 512535 0 0 屏山县
511600 512925 513600 0 广安市
511601 0 0 0 市辖区
511602 513622 0 0 广安区
511621 512923 513621 0 岳池县
511622 512928 513623 0 武胜县
511623 513031 513624 0 邻水县
511681 512902 513601 0 华蓥市
511700 513001 513021 0 达州市
511701 0 0 0 市辖区
511702 0 0 0 通川区
511721 513000 0 0 达县 513032|四川省达川地区白沙工农区
511722 513022 0 0 宣汉县
511723 513023 511221 0 开江县
511724 513029 0 0 大竹县
511725 513030 0 0 渠县
511781 511200 512200 512201 万源市 511202|四川省万县市龙宝区;511203|四川省万县市天成区;511204|四川省万县市五桥区;512221|四川省万县地区万县;513002|四川省达川地区万源市;513024|四川省达川地区万源县
511800 513100 513101 0 雅安市
511801 0 0 0 市辖区
511802 0 0 0 雨城区
511821 513122 0 0 名山县
511822 513123 0 0 荥经县
511823 513124 0 0 汉源县
511824 513125 0 0 石棉县
511825 513126 0 0 天全县
511826 513127 0 0 芦山县
511827 513128 0 0 宝兴县
511900 513027 513700 0 巴中市
511901 0 0 0 市辖区
511902 513701 0 0 巴州区
511921 513025 513721 0 通江县
511922 513026 513722 0 南江县
511923 513028 513723 0 平昌县
512000 511026 511081 513900 资阳市 513901|四川省资阳地区资阳市
512001 0 0 0 市辖区
512002 0 0 0 雁江区
512021 512427 513921 0 安岳县
512022 512428 511022 513922 乐至县
512081 511027 513902 0 简阳市
513200 0 0 0 阿坝藏族羌族自治州
513221 0 0 0 汶川县
513222 0 0 0 理县
513223 0 0 0 茂县
513224 0 0 0 松潘县
513225 0 0 0 九寨沟县
513226 0 0 0 金川县
513227 0 0 0 小金县
513228 0 0 0 黑水县
513229 0 0 0 马尔康县
513230 0 0 0 壤塘县
513231 0 0 0 阿坝县
513232 0 0 0 若尔盖县
513233 0 0 0 红原县
513300 0 0 0 甘孜藏族自治州
513321 0 0 0 康定县
513322 0 0 0 泸定县
513323 0 0 0 丹巴县
513324 0 0 0 九龙县
513325 0 0 0 雅江县
513326 0 0 0 道孚县
513327 0 0 0 炉霍县
513328 0 0 0 甘孜县
513329 0 0 0 新龙县
513330 0 0 0 德格县
513331 0 0 0 白玉县
513332 0 0 0 石渠县
513333 0 0 0 色达县
513334 0 0 0 理塘县
513335 0 0 0 巴塘县
513336 0 0 0 乡城县
513337 0 0 0 稻城县
513338 0 0 0 得荣县
513400 0 0 0 凉山彝族自治州
513401 0 0 0 西昌市
513422 0 0 0 木里藏族自治县
513423 0 0 0 盐源县
513424 0 0 0 德昌县
513425 0 0 0 会理县
513426 0 0 0 会东县
513427 0 0 0 宁南县
513428 0 0 0 普格县
513429 0 0 0 布拖县
513430 0 0 0 金阳县
513431 0 0 0 昭觉县
513432 0 0 0 喜德县
513433 0 0 0 冕宁县
513434 0 0 0 越西县
513435 0 0 0 甘洛县
513436 0 0 0 美姑县
513437 0 0 0 雷波县
520000 0 0 0 贵州省
520100 0 0 0 贵阳市
520101 0 0 0 市辖区
520102 0 0 0 南明区
520103 0 0 0 云岩区
520111 0 0 0 花溪区
520112 0 0 0 乌当区
520113 0 0 0 白云区
520114 0 0 0 小河区
520121 522522 0 0 开阳县
520122 522523 0 0 息烽县
520123 522524 0 0 修文县
520181 522502 522525 0 清镇市
520200 0 0 0 六盘水市
520201 0 0 0 钟山区
520203 0 0 0 六枝特区
520221 0 0 0 水城县
520222 520202 0 0 盘县
520300 522101 522100 0 遵义市
520301 0 0 0 市辖区
520302 0 0 0 红花岗区
520303 0 0 0 汇川区
520321 522121 0 0 遵义县
520322 522122 0 0 桐梓县
520323 522123 0 0 绥阳县
520324 522324 522124 0 正安县
520325 522125 0 0 道真仡佬族苗族自治县
520326 522126 0 0 务川仡佬族苗族自治县
520327 522127 0 0 凤冈县
520328 522128 0 0 湄潭县
520329 522129 0 0 余庆县
520330 522132 0 0 习水县
520381 522102 522131 0 赤水市
520382 522103 522130 0 仁怀市
520400 522501 522500 522521 安顺市
520401 0 0 0 市辖区
520402 0 0 0 西秀区
520421 522526 0 0 平坝县
520422 522527 0 0 普定县
520423 522529 0 0 镇宁布依族苗族自治县
520424 522528 0 0 关岭布依族苗族自治县
520425 522530 0 0 紫云苗族布依族自治县
522200 0 0 0 铜仁地区
522201 522221 0 0 铜仁市
522222 0 0 0 江口县
522223 0 0 0 玉屏侗族自治县
522224 0 0 0 石阡县
522225 0 0 0 思南县
522226 0 0 0 印江土家族苗族自治县
522227 0 0 0 德江县
522228 0 0 0 沿河土家族自治县
522229 0 0 0 松桃苗族自治县
522230 0 0 0 万山特区
522300 0 0 0 黔西南布依族苗族自治州 522302|贵州省黔西南布依族苗族自治州赤壁市
522301 522321 0 0 兴义市
522322 0 0 0 兴仁县
522323 0 0 0 普安县
522324 0 0 0 晴隆县
522325 0 0 0 贞丰县
522326 0 0 0 望谟县
522327 0 0 0 册亨县
522328 0 0 0 安龙县
522400 0 0 0 毕节地区
522401 522421 0 0 毕节市
522422 0 0 0 大方县
522423 0 0 0 黔西县
522424 0 0 0 金沙县
522425 0 0 0 织金县
522426 0 0 0 纳雍县
522427 0 0 0 威宁彝族回族苗族自治县
522428 0 0 0 赫章县
522600 0 0 0 黔东南苗族侗族自治州
522601 0 0 0 凯里市
522622 0 0 0 黄平县
522623 0 0 0 施秉县
522624 0 0 0 三穗县
522625 0 0 0 镇远县
522626 0 0 0 岑巩县
522627 0 0 0 天柱县
522628 0 0 0 锦屏县
522629 0 0 0 剑河县
522630 0 0 0 台江县
522631 0 0 0 黎平县
522632 0 0 0 榕江县
522633 0 0 0 从江县
522634 0 0 0 雷山县
522635 0 0 0 麻江县
522636 0 0 0 丹寨县
522700 0 0 0 黔南布依族苗族自治州
522701 0 0 0 都匀市
522702 522724 0 0 福泉市
522722 0 0 0 荔波县
522723 0 0 0 贵定县
522725 0 0 0 瓮安县
522726 0 0 0 独山县
522727 0 0 0 平塘县
522728 0 0 0 罗甸县
522729 0 0 0 长顺县
522730 0 0 0 龙里县
522731 0 0 0 惠水县
522732 0 0 0 三都水族自治县
530000 0 0 0 云南省
530100 0 0 0 昆明市
530101 0 0 0 市辖区
530102 0 0 0 五华区
530103 0 0 0 盘龙区
530111 0 0 0 官渡区
530112 0 0 0 西山区
530113 0 0 0 东川区
530121 0 0 0 呈贡县
530122 0 0 0 晋宁县
530124 0 0 0 富民县
530125 532229 0 0 宜良县
530126 0 0 0 石林彝族自治县
530127 532232 0 0 嵩明县
530128 532330 0 0 禄劝彝族苗族自治县
530129 532231 0 0 寻甸回族彝族自治县
530181 530123 0 0 安宁市
530300 532200 532221 0 曲靖市 532230|云南省曲靖地区路南彝族自治县
530301 0 0 0 市辖区
530302 532201 0 0 麒麟区
530321 532223 0 0 马龙县
530322 532228 0 0 陆良县
530323 532227 0 0 师宗县
530324 532226 0 0 罗平县
530325 532225 0 0 富源县
530326 532233 0 0 会泽县
530328 532222 0 0 沾益县
530381 532224 0 0 宣威市
530400 532400 532401 532421 玉溪市
530401 0 0 0 市辖区
530402 0 0 0 红塔区
530421 532422 0 0 江川县
530422 532423 0 0 澄江县
530423 532424 0 0 通海县
530424 532425 0 0 华宁县
530425 532426 0 0 易门县
530426 532427 0 0 峨山彝族自治县
530427 532428 0 0 新平彝族傣族自治县
530428 532429 0 0 元江哈尼族彝族傣族自治县
530500 533000 533001 0 保山市
530501 0 0 0 市辖区
530502 0 0 0 隆阳区
530521 533022 0 0 施甸县
530522 533023 0 0 腾冲县
530523 533024 0 0 龙陵县
530524 533025 0 0 昌宁县
530600 532101 532100 0 昭通市
530601 0 0 0 市辖区
530602 0 0 0 昭阳区
530621 532122 0 0 鲁甸县
530622 532123 0 0 巧家县
530623 532124 0 0 盐津县
530624 532125 0 0 大关县
530625 532126 0 0 永善县
530626 532127 0 0 绥江县
530627 532128 0 0 镇雄县
530628 532129 0 0 彝良县
530629 532130 0 0 威信县
530630 532131 0 0 水富县
530700 533200 533221 0 丽江市
530701 0 0 0 市辖区
530702 0 0 0 古城区
530721 0 0 0 玉龙纳西族自治县
530722 533222 0 0 永胜县
530723 533223 0 0 华坪县
530724 533224 0 0 宁蒗彝族自治县
530800 532722 0 0 普洱市
530801 0 0 0 市辖区
530802 532700 532701 0 思茅区
530821 0 0 0 宁洱哈尼族彝族自治县
530822 532723 0 0 墨江哈尼族自治县
530823 532724 0 0 景东彝族自治县
530824 532725 0 0 景谷傣族彝族自治县
530825 532726 0 0 镇沅彝族哈尼族拉祜族自治县
530826 532727 0 0 江城哈尼族彝族自治县
530827 532728 0 0 孟连傣族拉祜族佤族自治县
530828 532729 0 0 澜沧拉祜族自治县
530829 532730 0 0 西盟佤族自治县
530900 533500 533521 0 临沧市
530901 0 0 0 市辖区
530902 0 0 0 临翔区
530921 533522 0 0 凤庆县
530922 533523 0 0 云县
530923 533524 0 0 永德县
530924 533525 0 0 镇康县
530925 533526 0 0 双江拉祜族佤族布朗族傣族自治县
530926 533527 0 0 耿马傣族佤族自治县
530927 533528 0 0 沧源佤族自治县
532300 0 0 0 楚雄彝族自治州
532301 532321 0 0 楚雄市
532322 0 0 0 双柏县
532323 0 0 0 牟定县
532324 0 0 0 南华县
532325 0 0 0 姚安县
532326 0 0 0 大姚县
532327 0 0 0 永仁县
532328 0 0 0 元谋县
532329 0 0 0 武定县
532331 0 0 0 禄丰县
532500 0 0 0 红河哈尼族彝族自治州
532501 0 0 0 个旧市
532502 0 0 0 开远市
532522 0 0 0 蒙自县
532523 0 0 0 屏边苗族自治县
532524 0 0 0 建水县
532525 0 0 0 石屏县
532526 0 0 0 弥勒县
532527 0 0 0 泸西县
532528 0 0 0 元阳县
532529 0 0 0 红河县
532530 0 0 0 金平苗族瑶族傣族自治县
532531 0 0 0 绿春县
532532 0 0 0 河口瑶族自治县
532600 0 0 0 文山壮族苗族自治州
532621 0 0 0 文山县
532622 0 0 0 砚山县
532623 0 0 0 西畴县
532624 0 0 0 麻栗坡县
532625 0 0 0 马关县
532626 0 0 0 丘北县
532627 0 0 0 广南县
532628 0 0 0 富宁县
532800 0 0 0 西双版纳傣族自治州
532801 0 0 0 景洪市
532822 0 0 0 勐海县
532823 0 0 0 勐腊县
532900 0 0 0 大理白族自治州
532901 0 0 0 大理市
532922 0 0 0 漾濞彝族自治县
532923 0 0 0 祥云县
532924 0 0 0 宾川县
532925 0 0 0 弥渡县
532926 0 0 0 南涧彝族自治县
532927 0 0 0 巍山彝族回族自治县
532928 0 0 0 永平县
532929 0 0 0 云龙县
532930 0 0 0 洱源县
532931 0 0 0 剑川县
532932 0 0 0 鹤庆县
533100 0 0 0 德宏傣族景颇族自治州 533101|云南省德宏傣族景颇族自治州畹町市;533126|云南省德宏傣族景颇族自治州畹町镇
533102 533125 0 0 瑞丽市
533103 533121 0 0 潞西市
533122 0 0 0 梁河县
533123 0 0 0 盈江县
533124 0 0 0 陇川县
533300 0 0 0 怒江傈僳族自治州 533322|云南省怒江傈僳族自治州碧江县
533321 0 0 0 泸水县
533323 0 0 0 福贡县
533324 0 0 0 贡山独龙族怒族自治县
533325 0 0 0 兰坪白族普米族自治县
533400 0 0 0 迪庆藏族自治州
533421 0 0 0 香格里拉县
533422 0 0 0 德钦县
533423 0 0 0 维西傈僳族自治县
540000 0 0 0 西藏自治区
540100 0 0 0 拉萨市
540101 540120 0 0 市辖区
540102 0 0 0 城关区
540121 0 0 0 林周县
540122 0 0 0 当雄县
540123 0 0 0 尼木县
540124 0 0 0 曲水县
540125 0 0 0 堆龙德庆县
540126 0 0 0 达孜县
540127 0 0 0 墨竹工卡县
542100 0 0 0 昌都地区 542134|西藏自治区昌都地区盐井县;542135|西藏自治区昌都地区碧土县;542136|西藏自治区昌都地区妥坝县;542137|西藏自治区昌都地区生达县
542121 0 0 0 昌都县
542122 0 0 0 江达县
542123 0 0 0 贡觉县
542124 0 0 0 类乌齐县
542125 0 0 0 丁青县
542126 0 0 0 察雅县
542127 0 0 0 八宿县
542128 0 0 0 左贡县
542129 0 0 0 芒康县
542132 0 0 0 洛隆县
542133 0 0 0 边坝县
542200 0 0 0 山南地区
542221 0 0 0 乃东县
542222 0 0 0 扎囊县
542223 0 0 0 贡嘎县
542224 0 0 0 桑日县
542225 0 0 0 琼结县
542226 0 0 0 曲松县
542227 0 0 0 措美县
542228 0 0 0 洛扎县
542229 0 0 0 加查县
542231 0 0 0 隆子县
542232 0 0 0 错那县
542233 542722 0 0 浪卡子县
542300 0 0 0 日喀则地区
542301 542321 0 0 日喀则市
542322 0 0 0 南木林县
542323 542700 542721 0 江孜县
542324 0 0 0 定日县
542325 0 0 0 萨迦县
542326 0 0 0 拉孜县
542327 0 0 0 昂仁县
542328 0 0 0 谢通门县
542329 542723 0 0 白朗县
542330 542724 0 0 仁布县
542331 542725 0 0 康马县
542332 0 0 0 定结县
542333 0 0 0 仲巴县
542334 542726 0 0 亚东县
542335 0 0 0 吉隆县
542336 0 0 0 聂拉木县
542337 0 0 0 萨嘎县
542338 542727 0 0 岗巴县
542400 0 0 0 那曲地区
542421 0 0 0 那曲县
542422 0 0 0 嘉黎县
542423 0 0 0 比如县
542424 0 0 0 聂荣县
542425 0 0 0 安多县
542426 0 0 0 申扎县
542427 0 0 0 索县
542428 0 0 0 班戈县
542429 0 0 0 巴青县
542430 0 0 0 尼玛县
542500 0 0 0 阿里地区 542528|西藏自治区阿里地区隆格尔县
542521 0 0 0 普兰县
542522 0 0 0 札达县
542523 0 0 0 噶尔县
542524 0 0 0 日土县
542525 0 0 0 革吉县
542526 0 0 0 改则县
542527 0 0 0 措勤县
542600 0 0 0 林芝地区
542621 540129 0 0 林芝县
542622 540128 0 0 工布江达县
542623 540130 0 0 米林县
542624 540131 0 0 墨脱县
542625 542130 0 0 波密县
542626 542131 0 0 察隅县
542627 542230 0 0 朗县
610000 0 0 0 陕西省
610100 0 0 0 西安市 610106|陕西省西安市经济开发区
610101 0 0 0 市辖区
610102 0 0 0 新城区
610103 0 0 0 碑林区
610104 0 0 0 莲湖区
610111 0 0 0 灞桥区
610112 0 0 0 未央区
610113 0 0 0 雁塔区
610114 0 0 0 阎良区
610115 610123 612122 0 临潼区
610116 610121 0 0 长安区
610122 612121 0 0 蓝田县
610124 612222 0 0 周至县
610125 612223 0 0 户县
610126 612226 0 0 高陵县
610200 0 0 0 铜川市
610201 610220 0 0 市辖区
610202 0 0 0 王益区
610203 0 0 0 印台区
610204 610221 0 0 耀州区
610222 612633 0 0 宜君县
610300 610321 0 0 宝鸡市
610301 610320 0 0 市辖区
610302 0 0 0 渭滨区
610303 0 0 0 金台区
610304 0 0 0 陈仓区
610322 0 0 0 凤翔县
610323 0 0 0 岐山县
610324 0 0 0 扶风县
610326 0 0 0 眉县
610327 0 0 0 陇县
610328 0 0 0 千阳县
610329 0 0 0 麟游县
610330 0 0 0 凤县
610331 0 0 0 太白县
610400 612201 612200 0 咸阳市
610401 0 0 0 市辖区
610402 0 0 0 秦都区
610403 0 0 0 杨陵区
610404 0 0 0 渭城区
610422 612224 0 0 三原县
610423 612225 0 0 泾阳县
610424 612227 0 0 乾县
610425 612228 0 0 礼泉县
610426 612229 0 0 永寿县
610427 612230 0 0 彬县
610428 612231 0 0 长武县
610429 612232 0 0 旬邑县
610430 612233 0 0 淳化县
610431 610325 0 0 武功县
610481 610421 612221 0 兴平市
610500 612100 612101 612123 渭南市
610501 0 0 0 市辖区
610502 0 0 0 临渭区
610521 612124 612103 612125 华县
610522 612126 0 0 潼关县
610523 612127 0 0 大荔县
610524 612132 0 0 合阳县
610525 612129 0 0 澄城县
610526 612128 0 0 蒲城县
610527 612130 0 0 白水县
610528 612133 0 0 富平县
610581 612102 612131 0 韩城市
610582 0 0 0 华阴市
610600 612601 612600 0 延安市
610601 0 0 0 市辖区
610602 0 0 0 宝塔区
610621 612621 0 0 延长县
610622 612622 0 0 延川县
610623 612623 0 0 子长县
610624 612624 0 0 安塞县
610625 612625 0 0 志丹县
610626 612626 0 0 吴起县
610627 612627 0 0 甘泉县
610628 612628 0 0 富县
610629 612629 0 0 洛川县
610630 612630 0 0 宜川县
610631 612631 0 0 黄龙县
610632 612632 0 0 黄陵县
610700 612300 612301 0 汉中市
610701 0 0 0 市辖区
610702 0 0 0 汉台区
610721 612321 0 0 南郑县
610722 612322 0 0 城固县
610723 612323 0 0 洋县
610724 612324 0 0 西乡县
610725 612325 0 0 勉县
610726 612326 0 0 宁强县
610727 612327 0 0 略阳县
610728 612328 0 0 镇巴县
610729 612329 0 0 留坝县
610730 612330 0 0 佛坪县
610800 612700 612701 612721 榆林市
610801 0 0 0 市辖区
610802 0 0 0 榆阳区
610821 612722 0 0 神木县
610822 612723 0 0 府谷县
610823 612724 0 0 横山县
610824 612725 0 0 靖边县
610825 612726 0 0 定边县
610826 612727 0 0 绥德县
610827 612728 0 0 米脂县
610828 612729 0 0 佳县
610829 612730 0 0 吴堡县
610830 612731 0 0 清涧县
610831 612732 0 0 子洲县
610900 612400 612401 612421 安康市
610901 0 0 0 市辖区
610902 0 0 0 汉滨区
610921 612422 0 0 汉阴县
610922 612423 0 0 石泉县
610923 612424 0 0 宁陕县
610924 612425 0 0 紫阳县
610925 612426 0 0 岚皋县
610926 612427 0 0 平利县
610927 612428 0 0 镇坪县
610928 612429 0 0 旬阳县
610929 612430 0 0 白河县
611000 612500 0 0 商洛市
611001 0 0 0 市辖区
611002 612501 0 0 商州区
611021 612522 0 0 洛南县
611022 612523 0 0 丹凤县
611023 612524 0 0 商南县
611024 612525 0 0 山阳县
611025 612526 0 0 镇安县
611026 612527 0 0 柞水县
620000 0 0 0 甘肃省
620100 0 0 0 兰州市
620101 0 0 0 市辖区
620102 0 0 0 城关区
620103 0 0 0 七里河区
620104 0 0 0 西固区
620105 0 0 0 安宁区
620111 0 0 0 红古区
620121 0 0 0 永登县
620122 0 0 0 皋兰县
620123 0 0 0 榆中县
620200 620202 0 0 嘉峪关市
620201 0 0 0 市辖区
620300 0 0 0 金昌市
620301 0 0 0 市辖区
620302 0 0 0 金川区
620321 0 0 0 永昌县
620400 0 0 0 白银市
620401 0 0 0 市辖区
620402 0 0 0 白银区
620403 0 0 0 平川区
620421 622422 0 0 靖远县
620422 622423 0 0 会宁县
620423 622324 0 0 景泰县
620500 622501 0 0 天水市
620501 0 0 0 市辖区
620502 0 0 0 秦州区
620503 0 0 0 麦积区
620521 622523 0 0 清水县
620522 622530 0 0 秦安县
620523 622529 0 0 甘谷县
620524 622528 622329 0 武山县
620525 622521 0 0 张家川回族自治县
620600 622300 622301 0 武威市 622327|甘肃省武威地区连古城国家级自然保护区管理局;622328|甘肃省武威地区石羊河林业总场
620601 0 0 0 市辖区
620602 0 0 0 凉州区
620621 622322 0 0 民勤县
620622 622323 0 0 古浪县
620623 622326 0 0 天祝藏族自治县
620700 622200 622201 0 张掖市
620701 0 0 0 市辖区
620702 0 0 0 甘州区
620721 622222 0 0 肃南裕固族自治县
620722 622223 0 0 民乐县
620723 622224 0 0 临泽县
620724 622225 0 0 高台县
620725 622226 0 0 山丹县
620800 622700 622701 0 平凉市
620801 0 0 0 市辖区
620802 0 0 0 崆峒区
620821 622722 0 0 泾川县
620822 622723 0 0 灵台县
620823 622724 0 0 崇信县
620824 622725 0 0 华亭县
620825 622726 0 0 庄浪县
620826 622727 0 0 静宁县
620900 622100 622102 0 酒泉市 622126|甘肃省酒泉地区安西县
620901 0 0 0 市辖区
620902 0 0 0 肃州区
620921 622123 0 0 金塔县
620922 0 0 0 瓜州县
620923 622124 0 0 肃北蒙古族自治县
620924 622125 0 0 阿克塞哈萨克族自治县
620981 622101 0 0 玉门市
620982 622103 0 0 敦煌市
621000 622800 622821 0 庆阳市
621001 0 0 0 市辖区
621002 622801 0 0 西峰区
621021 0 0 0 庆城县
621022 622822 0 0 环县
621023 622823 0 0 华池县
621024 622824 0 0 合水县
621025 622825 0 0 正宁县
621026 622826 0 0 宁县
621027 622827 0 0 镇原县
621100 622400 622421 0 定西市
621101 0 0 0 市辖区
621102 0 0 0 安定区
621121 622424 0 0 通渭县
621122 622425 0 0 陇西县
621123 622426 0 0 渭源县
621124 622427 0 0 临洮县
621125 622431 622428 0 漳县
621126 622622 622429 0 岷县
621200 622600 0 0 陇南市
621201 0 0 0 市辖区
621202 622621 0 0 武都区
621221 622624 0 0 成县
621222 622626 0 0 文县
621223 622623 0 0 宕昌县
621224 622625 0 0 康县
621225 622527 622627 0 西和县
621226 622526 622628 0 礼县
621227 622524 622630 0 徽县
621228 622525 622629 0 两当县
622900 0 0 0 临夏回族自治州
622901 0 0 0 临夏市
622921 0 0 0 临夏县
622922 0 0 0 康乐县
622923 0 0 0 永靖县
622924 0 0 0 广河县
622925 0 0 0 和政县
622926 0 0 0 东乡族自治县
622927 0 0 0 积石山保安族东乡族撒拉族自治县
623000 0 0 0 甘南藏族自治州
623001 0 0 0 合作市
623021 0 0 0 临潭县
623022 0 0 0 卓尼县
623023 0 0 0 舟曲县
623024 0 0 0 迭部县
623025 0 0 0 玛曲县
623026 0 0 0 碌曲县
623027 0 0 0 夏河县
630000 0 0 0 青海省
630100 0 0 0 西宁市
630101 0 0 0 市辖区
630102 0 0 0 城东区
630103 0 0 0 城中区
630104 0 0 0 城西区
630105 0 0 0 城北区
630121 0 0 0 大通回族土族自治县
630122 632124 0 0 湟中县
630123 632125 0 0 湟源县
632100 0 0 0 海东地区
632121 0 0 0 平安县
632122 0 0 0 民和回族土族自治县
632123 0 0 0 乐都县
632126 0 0 0 互助土族自治县
632127 0 0 0 化隆回族自治县
632128 0 0 0 循化撒拉族自治县
632200 0 0 0 海北藏族自治州
632221 0 0 0 门源回族自治县
632222 0 0 0 祁连县
632223 0 0 0 海晏县
632224 0 0 0 刚察县
632300 0 0 0 黄南藏族自治州
632321 0 0 0 同仁县
632322 0 0 0 尖扎县
632323 0 0 0 泽库县
632324 632421 0 0 河南蒙古族自治县
632500 0 0 0 海南藏族自治州
632521 0 0 0 共和县
632522 0 0 0 同德县
632523 0 0 0 贵德县
632524 0 0 0 兴海县
632525 0 0 0 贵南县
632600 0 0 0 果洛藏族自治州
632621 0 0 0 玛沁县
632622 632632 0 0 班玛县
632623 0 0 0 甘德县
632624 0 0 0 达日县
632625 0 0 0 久治县
632626 0 0 0 玛多县
632700 0 0 0 玉树藏族自治州
632721 0 0 0 玉树县
632722 0 0 0 杂多县
632723 0 0 0 称多县
632724 0 0 0 治多县
632725 0 0 0 囊谦县
632726 0 0 0 曲麻莱县
632800 0 0 0 海西蒙古族藏族自治州 632824|青海省海西蒙古族藏族自治州大柴旦行委;632825|青海省海西蒙古族藏族自治州冷湖行委;632826|青海省海西蒙古族藏族自治州茫崖行委
632801 0 0 0 格尔木市
632802 0 0 0 德令哈市
632821 0 0 0 乌兰县
632822 0 0 0 都兰县
632823 0 0 0 天峻县
640000 0 0 0 宁夏回族自治区
640100 0 0 0 银川市 640102|宁夏回族自治区银川市城区;640103|宁夏回族自治区银川市新城区;640111|宁夏回族自治区银川市郊区
640101 0 0 0 市辖区
640104 0 0 0 兴庆区
640105 0 0 0 西夏区
640106 0 0 0 金凤区
640121 0 0 0 永宁县
640122 0 0 0 贺兰县
640181 640382 642103 642125 灵武市
640200 640203 0 0 石嘴山市 640204|宁夏回族自治区石嘴山市石炭井区;640211|宁夏回族自治区石嘴山市郊区;640222|宁夏回族自治区石嘴山市陶乐县
640201 640220 0 0 市辖区
640202 0 0 0 大武口区
640205 640223 0 0 惠农区
640221 0 0 0 平罗县
640300 642100 642101 642121 吴忠市
640301 0 0 0 市辖区
640302 642102 0 0 利通区
640303 0 0 0 红寺堡区
640323 642126 0 0 盐池县
640324 642127 0 0 同心县
640381 642122 0 0 青铜峡市
640400 642200 0 0 固原市
640401 0 0 0 市辖区
640402 640421 642221 0 原州区
640422 642223 0 0 西吉县
640423 642224 0 0 隆德县
640424 642225 0 0 泾源县
640425 642226 0 0 彭阳县
640500 640321 642123 0 中卫市
640501 0 0 0 市辖区
640502 0 0 0 沙坡头区
640521 642124 640322 0 中宁县
640522 642222 0 0 海原县
650000 0 0 0 新疆维吾尔自治区
650100 0 0 0 乌鲁木齐市 650108|新疆维吾尔自治区乌鲁木齐市东山区
650101 0 0 0 市辖区
650102 0 0 0 天山区
650103 0 0 0 沙依巴克区
650104 0 0 0 新市区
650105 0 0 0 水磨沟区
650106 0 0 0 头屯河区
650107 0 0 0 达坂城区
650109 0 0 0 米东区
650121 0 0 0 乌鲁木齐县
650200 0 0 0 克拉玛依市
650201 0 0 0 市辖区
650202 0 0 0 独山子区
650203 0 0 0 克拉玛依区
650204 0 0 0 白碱滩区
650205 0 0 0 乌尔禾区
652100 0 0 0 吐鲁番地区
652101 0 0 0 吐鲁番市
652122 0 0 0 鄯善县
652123 0 0 0 托克逊县
652200 0 0 0 哈密地区
652201 0 0 0 哈密市
652222 0 0 0 巴里坤哈萨克自治县
652223 0 0 0 伊吾县
652300 0 0 0 昌吉回族自治州 652303|新疆维吾尔自治区昌吉回族自治州米泉市;652322|新疆维吾尔自治区昌吉回族自治州米泉市
652301 0 0 0 昌吉市
652302 652326 0 0 阜康市
652323 0 0 0 呼图壁县
652324 0 0 0 玛纳斯县
652325 0 0 0 奇台县
652327 0 0 0 吉木萨尔县
652328 0 0 0 木垒哈萨克自治县
652700 0 0 0 博尔塔拉蒙古自治州
652701 652721 0 0 博乐市
652722 0 0 0 精河县
652723 0 0 0 温泉县
652800 0 0 0 巴音郭楞蒙古自治州
652801 652821 0 0 库尔勒市
652822 0 0 0 轮台县
652823 0 0 0 尉犁县
652824 0 0 0 若羌县
652825 0 0 0 且末县
652826 0 0 0 焉耆回族自治县
652827 0 0 0 和静县
652828 0 0 0 和硕县
652829 0 0 0 博湖县
652900 0 0 0 阿克苏地区
652901 652921 0 0 阿克苏市
652922 0 0 0 温宿县
652923 0 0 0 库车县
652924 0 0 0 沙雅县
652925 0 0 0 新和县
652926 0 0 0 拜城县
652927 0 0 0 乌什县
652928 0 0 0 阿瓦提县
652929 0 0 0 柯坪县
653000 0 0 0 克孜勒苏柯尔克孜自治州
653001 653021 0 0 阿图什市
653022 0 0 0 阿克陶县
653023 0 0 0 阿合奇县
653024 0 0 0 乌恰县
653100 0 0 0 喀什地区
653101 0 0 0 喀什市
653121 0 0 0 疏附县
653122 0 0 0 疏勒县
653123 0 0 0 英吉沙县
653124 0 0 0 泽普县
653125 0 0 0 莎车县
653126 0 0 0 叶城县
653127 0 0 0 麦盖提县
653128 0 0 0 岳普湖县
653129 0 0 0 伽师县
653130 0 0 0 巴楚县
653131 0 0 0 塔什库尔干塔吉克自治县
653200 0 0 0 和田地区
653201 0 0 0 和田市
653221 0 0 0 和田县
653222 0 0 0 墨玉县
653223 0 0 0 皮山县
653224 0 0 0 洛浦县
653225 0 0 0 策勒县
653226 0 0 0 于田县
653227 0 0 0 民丰县
654000 652400 654100 0 伊犁哈萨克自治州
654002 652401 654101 654121 伊宁市
654003 652402 654001 0 奎屯市
654021 652421 0 0 伊宁县
654022 652422 654122 0 察布查尔锡伯自治县
654023 652423 654123 0 霍城县
654024 652424 654124 0 巩留县
654025 652425 654125 0 新源县
654026 652426 654126 0 昭苏县
654027 652427 654127 0 特克斯县
654028 652428 654128 0 尼勒克县
654200 652500 0 0 塔城地区
654201 652521 0 0 塔城市
654202 652523 654222 0 乌苏市
654221 652522 0 0 额敏县
654223 652524 0 0 沙湾县
654224 652525 0 0 托里县
654225 652526 0 0 裕民县
654226 652527 0 0 和布克赛尔蒙古自治县
654300 652600 0 0 阿勒泰地区
654301 652601 0 0 阿勒泰市
654321 652622 0 0 布尔津县
654322 652623 0 0 富蕴县
654323 652624 0 0 福海县
654324 652625 0 0 哈巴河县
654325 652626 0 0 青河县
654326 652627 0 0 吉木乃县
659000 0 0 0 自治区直辖县级行政区划
659001 650300 0 0 石河子市
659002 0 0 0 阿拉尔市
659003 0 0 0 图木舒克市
659004 0 0 0 五家渠市
710000 0 0 0 台湾省
810000 0 0 0 香港特别行政区
820000 0 0 0 澳门特别行政区
